 0000000246         1.     2.8610     0.0000     3.9920     3.3059     2.6704     1.0940    -0.0093    -0.2919    -0.5704    -0.8281    -1.1036    -1.8662    -2.3295    -2.9450
 0000000246         2.     2.6330     0.0000     2.6232     1.9384     1.5910     0.8960    -0.0010    -0.3015    -0.5430    -0.8494    -1.1449    -1.6826    -2.0658    -2.4543
 0000000246         3.     4.4170     0.0000     4.3978     3.2331     2.6502     1.4945     0.0109    -0.2941    -0.5343    -0.8284    -1.0989    -1.5697    -1.9039    -2.2634
 0000000246         4.     3.7150     0.0000     3.7019     2.7494     2.2644     1.2907     0.0275    -0.2796    -0.5163    -0.7964    -1.0481    -1.4804    -1.7890    -2.1309
 0000000246         5.     4.8840     0.0000     4.8643     3.6155     2.9879     1.7395     0.1335    -0.2616    -0.4941    -0.7623    -1.0003    -1.4068    -1.6985    -2.0277
 0000000246         6.     7.2420     0.0000     7.2134     5.4527     4.5705     2.8202     0.5739    -0.2281    -0.4659    -0.7279    -0.9562    -1.3440    -1.6233    -1.9425
 0000000246         7.    11.3920     0.0000    11.3492     8.7641     7.4719     4.9141     1.6412    -0.1771    -0.4333    -0.6928    -0.9146    -1.2889    -1.5587    -1.8697
 0000000246         8.     8.7990     0.0000     8.7755     6.9626     6.0369     4.1794     1.7839    -0.1102    -0.3924    -0.6554    -0.8743    -1.2391    -1.5017    -1.8060
 0000000246         9.    10.3120     0.0000    10.2788     8.1322     7.0516     4.9005     2.1330    -0.0664    -0.3515    -0.6170    -0.8345    -1.1931    -1.4502    -1.7491
 0000000246        10.    10.0630     0.0000    10.0349     8.0946     7.1113     5.1435     2.5981     0.0538    -0.3122    -0.5805    -0.7964    -1.1500    -1.4029    -1.6973
 0000000246        11.     7.5780     0.0000     7.5607     6.1823     5.4741     4.0413     2.1657     0.2761    -0.2673    -0.5441    -0.7599    -1.1097    -1.3590    -1.6497
 0000000246        12.     5.2890     0.0000     5.2779     4.3324     3.8442     2.8525     1.5484     0.2308    -0.2288    -0.5084    -0.7244    -1.0716    -1.3180    -1.6055
 0000000246        13.     4.6940     0.0000     4.6822     3.8285     3.3938     2.5203     1.3853     0.2469    -0.1973    -0.4765    -0.6912    -1.0355    -1.2795    -1.5642
 0000000246        14.     6.0130     0.0000     5.9951     4.8832     4.3258     3.2203     1.8051     0.4007    -0.1663    -0.4480    -0.6608    -1.0017    -1.2433    -1.5254
 0000000246        15.     8.2970     0.0000     8.2723     6.7687     6.0173     4.5315     2.6368     0.7635    -0.1101    -0.4204    -0.6325    -0.9701    -1.2092    -1.4889
 0000000246        16.    12.9090     0.0000    12.8703    10.5997     9.4701     7.2458     4.4248     1.6502     0.2658    -0.3835    -0.6037    -0.9403    -1.1772    -1.4545
 0000000246        17.    10.6140     0.0000    10.5921     8.9106     8.0497     6.3121     4.0427     1.7580     0.6060    -0.3185    -0.5673    -0.9108    -1.1468    -1.4220
 0000000246        18.     7.2660     0.0000     7.2539     6.1592     5.5908     4.4298     2.8923     1.3272     0.5334    -0.2522    -0.5228    -0.8794    -1.1167    -1.3908
 0000000246        19.    10.3000     0.0000    10.2719     8.5989     7.7650     6.1199     4.0286     1.9679     0.9393    -0.1909    -0.4809    -0.8467    -1.0863    -1.3605
 0000000246        20.    14.8910     0.0000    14.8512    12.5071    11.3402     9.0418     6.1269     3.2625     1.8364    -0.0472    -0.4363    -0.8140    -1.0559    -1.3306
 0000000246        21.    10.4200     0.0000    10.4045     8.9866     8.2495     6.7427     4.7437     2.7044     1.6681     0.2810    -0.3742    -0.7802    -1.0256    -1.3012
 0000000246        22.     6.7220     0.0000     6.7134     5.8291     5.3654     4.4105     3.1324     1.8185     1.1476     0.2463    -0.3181    -0.7436    -0.9946    -1.2721
 0000000246        23.     5.8620     0.0000     5.8510     5.0293     4.6096     3.7637     2.6599     1.5477     0.9858     0.2350    -0.2797    -0.7080    -0.9632    -1.2429
 0000000246        24.     5.9150     0.0000     5.9025     5.0569     4.6290     3.7737     2.6686     1.5646     1.0094     0.2697    -0.2510    -0.6759    -0.9326    -1.2140
 0000000246        25.     4.9520     0.0000     4.9432     4.2632     3.9148     3.2107     2.2890     1.3577     0.8864     0.2562    -0.2271    -0.6474    -0.9038    -1.1859
 0000000246        26.     6.2480     0.0000     6.2331     5.3209     4.8647     3.9622     2.8109     1.6734     1.1049     0.3504    -0.2075    -0.6219    -0.8770    -1.1589
 0000000246        27.     8.1570     0.0000     8.1375     6.9605     6.3729     5.2125     3.7360     2.2809     1.5551     0.5933    -0.1810    -0.5990    -0.8522    -1.1332
 0000000246        28.     7.7410     0.0000     7.7261     6.6790     6.1470     5.0800     3.6956     2.3076     1.6081     0.6751    -0.1425    -0.5774    -0.8291    -1.1088
 0000000246        29.     9.2500     0.0000     9.2295     7.9496     7.3083     6.0374     4.4137     2.8078     2.0054     0.9412    -0.0799    -0.5557    -0.8071    -1.0857
 0000000246        30.     7.3980     0.0000     7.3865     6.4549     5.9751     5.0013     3.7196     2.4183     1.7576     0.8718    -0.0164    -0.5332    -0.7858    -1.0635
 0000000246        31.     7.2830     0.0000     7.2692     6.3186     5.8367     4.8724     3.6245     2.3760     1.7477     0.9103     0.0736    -0.5104    -0.7648    -1.0421
 0000000246        32.     8.3440     0.0000     8.3265     7.2181     6.6616     5.5572     4.1430     2.7421     2.0414     1.1118     0.1858    -0.4878    -0.7441    -1.0212
 0000000246        33.     9.1530     0.0000     9.1346     7.9463     7.3483     6.1590     4.6327     3.1176     2.3591     1.3520     0.3486    -0.4657    -0.7237    -1.0008
 0000000246        34.     5.6830     0.0000     5.6780     5.0582     4.7291     4.0440     3.1141     2.1447     1.6445     0.9660     0.2796    -0.4428    -0.7037    -0.9809
 0000000246        35.     6.5760     0.0000     6.5625     5.7114     5.2844     4.4374     3.3538     2.2808     1.7441     1.0320     0.3225    -0.4203    -0.6839    -0.9614
 0000000246        36.     7.1280     0.0000     7.1141     6.2118     5.7574     4.8532     3.6920     2.5386     1.9609     1.1938     0.4295    -0.4001    -0.6645    -0.9423
 0000000246        37.     7.5240     0.0000     7.5098     6.5728     6.1001     5.1580     3.9454     2.7383     2.1327     1.3274     0.5242    -0.3808    -0.6460    -0.9237
 0000000246        38.     7.5050     0.0000     7.4916     6.5770     6.1139     5.1875     3.9897     2.7922     2.1897     1.3867     0.5843    -0.3610    -0.6281    -0.9056
 0000000246        39.     6.1930     0.0000     6.1842     5.4755     5.1110     4.3715     3.3985     2.4102     1.9079     1.2334     0.5555    -0.3417    -0.6107    -0.8880
 0000000246        40.     4.2140     0.0000     4.2098     3.7603     3.5240     3.0356     2.3784     1.6974     1.3469     0.8719     0.3909    -0.3230    -0.5937    -0.8709
 0000000246        41.     4.1080     0.0000     4.1009     3.6079     3.3578     2.8567     2.2074     1.5569     1.2291     0.7917     0.3541    -0.3070    -0.5773    -0.8543
 0000000246        42.     4.4200     0.0000     4.4117     3.8701     3.5972     3.0540     2.3557     1.6613     1.3132     0.8503     0.3886    -0.2939    -0.5619    -0.8382
 0000000246        43.     5.5780     0.0000     5.5663     4.8643     4.5140     3.8226     2.9440     2.0797     1.6495     1.0809     0.5163    -0.2824    -0.5476    -0.8227
 0000000246        44.     7.3150     0.0000     7.2994     6.3788     5.9203     5.0174     3.8729     2.7503     2.1927     1.4569     0.7275    -0.2713    -0.5343    -0.8078
 0000000246        45.    12.5050     0.0000    12.4752    10.8605    10.0661     8.5189     6.5878     4.7224     3.8058     2.6066     1.4266    -0.2564    -0.5218    -0.7937
 0000000246        46.    13.8480     0.0000    13.8228    12.2122    11.4028     9.7953     7.7359     5.6958     4.6760     3.3241     1.9793    -0.2245    -0.5091    -0.7801
 0000000246        47.    13.2880     0.0000    13.2674    11.8175    11.0811     9.6040     7.6879     5.7671     4.7991     3.5080     2.2172    -0.1628    -0.4941    -0.7668
 0000000246        48.    12.3620     0.0000    12.3439    11.0348    10.3680     9.0271     7.2818     5.5264     4.6399     3.4550     2.2685    -0.0694    -0.4749    -0.7530
 0000000246        49.    10.0190     0.0000    10.0072     9.0153     8.5027     7.4585     6.0771     4.6662     3.9461     2.9759     1.9973     0.0293    -0.4522    -0.7380
 0000000246        50.     9.7760     0.0000     9.7612     8.7347     8.2139     7.1705     5.8183     4.4637     3.7812     2.8707     1.9602     0.1408    -0.4281    -0.7218
 0000000246        51.     8.1370     0.0000     8.1273     7.3313     6.9210     6.0870     4.9863     3.8644     3.2924     2.5220     1.7448     0.1792    -0.4041    -0.7047
 0000000246        52.     5.8120     0.0000     5.8071     5.2838     5.0084     4.4388     3.6702     2.8708     2.4578     1.8954     1.3228     0.1590    -0.3819    -0.6872
 0000000246        53.     4.3030     0.0000     4.2990     3.9032     3.6961     3.2694     2.6968     2.1039     1.7983     1.3832     0.9612     0.1046    -0.3623    -0.6699
 0000000246        54.     4.0820     0.0000     4.0761     3.6558     3.4419     3.0124     2.4540     1.8924     1.6087     1.2293     0.8488     0.0858    -0.3458    -0.6532
 0000000246        55.     9.0540     0.0000     9.0317     7.9091     7.3630     6.3117     5.0212     3.7976     3.2055     2.4419     1.7018     0.2660    -0.3321    -0.6376
 0000000246        56.    11.0020     0.0000    10.9821     9.7797     9.1798     7.9960     6.4930     5.0175     4.2847     3.3189     2.3635     0.4746    -0.3191    -0.6230
 0000000246        57.     5.5840     0.0000     5.5851     5.2241     5.0170     4.5584     3.8902     3.1493     2.7506     2.1910     1.6058     0.3870    -0.3033    -0.6093
 0000000246        58.     5.0990     0.0000     5.0923     4.5952     4.3413     3.8295     3.1606     2.4848     2.1421     1.6824     1.2202     0.2910    -0.2862    -0.5957
 0000000246        59.     4.6230     0.0000     4.6170     4.1675     3.9378     3.4745     2.8687     2.2565     1.9461     1.5298     1.1113     0.2700    -0.2717    -0.5822
 0000000246        60.     4.8630     0.0000     4.8554     4.3552     4.1030     3.6005     2.9542     2.3112     1.9887     1.5601     1.1327     0.2803    -0.2596    -0.5691
 0000000246        61.     6.3920     0.0000     6.3799     5.6783     5.3300     4.6459     3.7829     2.9408     2.5245     1.9778     1.4388     0.3763    -0.2492    -0.5566
 0000000246        62.     4.3980     0.0000     4.3950     4.0316     3.8386     3.4362     2.8882     2.3132     2.0142     1.6050     1.1861     0.3293    -0.2391    -0.5448
 0000000246        63.     4.2580     0.0000     4.2520     3.8315     3.6180     3.1897     2.6339     2.0760     1.7944     1.4182     1.0412     0.2857    -0.2294    -0.5337
 0000000246        64.     4.4340     0.0000     4.4272     3.9774     3.7504     3.2980     2.7155     2.1354     1.8444     1.4573     1.0713     0.3012    -0.2207    -0.5231
 0000000246        65.     2.4280     0.0000     2.4279     2.2618     2.1686     1.9658     1.6753     1.3574     1.1875     0.9500     0.7025     0.1874    -0.2129    -0.5130
 0000000246        66.     2.2730     0.0000     2.2699     2.0464     1.9325     1.7034     1.4048     1.1039     0.9515     0.7474     0.5423     0.1302    -0.2064    -0.5035
 0000000246        67.     3.6800     0.0000     3.6721     3.2481     3.0397     2.6345     2.1304     1.6456     1.4086     1.1001     0.7988     0.2104    -0.2015    -0.4945
 0000000246        68.     4.9060     0.0000     4.8967     4.3598     4.0935     3.5711     2.9129     2.2719     1.9555     1.5404     1.1318     0.3278    -0.1971    -0.4861
 0000000246        69.     4.2890     0.0000     4.2838     3.8822     3.6761     3.2588     2.7107     2.1544     1.8715     1.4913     1.1082     0.3366    -0.1921    -0.4783
 0000000246        70.     3.0400     0.0000     3.0378     2.7851     2.6516     2.3742     1.9979     1.6044     1.4002     1.1211     0.8356     0.2520    -0.1864    -0.4710
 0000000246        71.     3.3960     0.0000     3.3904     3.0398     2.8638     2.5148     2.0684     1.6268     1.4062     1.1140     0.8235     0.2459    -0.1811    -0.4639
 0000000246        72.     4.3170     0.0000     4.3091     3.8459     3.6156     3.1624     2.5895     2.0294     1.7521     1.3875     1.0276     0.3177    -0.1763    -0.4571
 0000000246        73.     3.2190     0.0000     3.2163     2.9414     2.7973     2.5001     2.1004     1.6858     1.4718     1.1806     0.8839     0.2799    -0.1716    -0.4505
 0000000246        74.     8.1180     0.0000     8.0977     7.1109     6.6334     5.7189     4.6057     3.5607     3.0595     2.4186     1.8037     0.6275    -0.1664    -0.4442
 0000000246        75.    10.4000     0.0000    10.3812     9.2857     8.7413     7.6717     6.3217     5.0047     4.3540     3.5002     2.6596     1.0069    -0.1563    -0.4381
 0000000246        76.     9.1390     0.0000     9.1286     8.3136     7.8953     7.0486     5.9365     4.8079     4.2342     3.4631     2.6864     1.1229    -0.1306    -0.4318
 0000000246        77.     4.1110     0.0000     4.1144     3.9365     3.8237     3.5563     3.1391     2.6512     2.3800     1.9895     1.5718     0.6793    -0.1062    -0.4248
 0000000246        78.     6.7280     0.0000     6.7140     5.9735     5.6104     4.9057     4.0313     3.1931     2.7844     2.2541     1.7378     0.7349    -0.0927    -0.4167
 0000000246        79.     5.4280     0.0000     5.4229     4.9690     4.7333     4.2512     3.6097     2.9505     2.6122     2.1542     1.6895     0.7462    -0.0718    -0.4080
 0000000246        80.     2.4630     0.0000     2.4650     2.3591     2.2921     2.1333     1.8855     1.5954     1.4340     1.2012     0.9518     0.4172    -0.0645    -0.3992
 0000000246        81.     2.4030     0.0000     2.3998     2.1759     2.0623     1.8343     1.5384     1.2411     1.0908     0.8897     0.6879     0.2823    -0.0681    -0.3904
 0000000246        82.     3.4560     0.0000     3.4493     3.0792     2.8965     2.5400     2.0940     1.6629     1.4513     1.1754     0.9054     0.3780    -0.0688    -0.3822
 0000000246        83.     2.8160     0.0000     2.8133     2.5742     2.4503     2.1971     1.8608     1.5156     1.3386     1.0991     0.8561     0.3630    -0.0661    -0.3747
 0000000246        84.     1.2290     0.0000     1.2301     1.1789     1.1458     1.0664     0.9409     0.7929     0.7102     0.5906     0.4621     0.1864    -0.0673    -0.3680
 0000000246        85.     0.9790     0.0000     0.9781     0.8937     0.8498     0.7599     0.6399     0.5161     0.4523     0.3656     0.2773     0.0971    -0.0708    -0.3618
 0000000246        86.    -0.0980     0.0000    -0.0960    -0.0459    -0.0255     0.0065     0.0324     0.0431     0.0429     0.0364     0.0240    -0.0135    -0.0748    -0.3562
 0000000246        87.    -0.0540     0.0000    -0.0538    -0.0338    -0.0235    -0.0029    -0.0006    -0.0012    -0.0053    -0.0131    -0.0209    -0.0365    -0.0787    -0.3512
 0000000246        88.    -1.5050     0.0000    -1.4880    -0.5821    -0.2711    -0.0039    -0.0007    -0.0012    -0.0054    -0.0133    -0.0213    -0.0373    -0.0822    -0.3468
 0000000246        89.    -0.3780     0.0000    -0.3849    -0.4560    -0.3590    -0.0426    -0.0011    -0.0012    -0.0054    -0.0135    -0.0216    -0.0377    -0.0855    -0.3429
 0000000246        90.    -0.4300     0.0100    -0.3734    -0.3107    -0.2536    -0.0631    -0.0012    -0.0012    -0.0055    -0.0137    -0.0219    -0.0383    -0.0886    -0.3394
 0000000246        91.    -0.1950     0.0110    -0.2765    -0.2511    -0.2022    -0.0447    -0.0012    -0.0012    -0.0056    -0.0139    -0.0222    -0.0388    -0.0914    -0.3363
 0000000246        92.    -1.0290     0.0120    -0.3893    -0.2293    -0.1678    -0.0339    -0.0012    -0.0012    -0.0057    -0.0140    -0.0224    -0.0391    -0.0941    -0.3337
 0000000246        93.    -1.7660     0.0130    -0.6302    -0.3117    -0.1992    -0.0339    -0.0012    -0.0012    -0.0057    -0.0142    -0.0226    -0.0395    -0.0966    -0.3313
 0000000246        94.    -4.3540     0.0140    -1.5455    -0.7675    -0.4539    -0.0557    -0.0012    -0.0012    -0.0058    -0.0143    -0.0229    -0.0399    -0.0989    -0.3292
 0000000246        95.    -5.8020     0.0150    -2.4856    -1.5235    -1.0556    -0.1467    -0.0012    -0.0012    -0.0059    -0.0145    -0.0231    -0.0404    -0.1011    -0.3273
 0000000246        96.    -2.4880     0.0160    -1.5851    -1.2031    -0.9465    -0.2899    -0.0012    -0.0012    -0.0059    -0.0146    -0.0233    -0.0408    -0.1032    -0.3256
 0000000246        97.    -2.4070     0.0170    -1.2801    -0.9030    -0.6910    -0.1854    -0.0012    -0.0012    -0.0060    -0.0147    -0.0235    -0.0410    -0.1053    -0.3241
 0000000246        98.    -5.4390     0.0180    -2.2936    -1.4155    -1.0160    -0.3174    -0.0012    -0.0012    -0.0061    -0.0149    -0.0237    -0.0413    -0.1072    -0.3228
 0000000246        99.    -7.4920     0.0190    -3.4420    -2.2838    -1.7076    -0.5517    -0.0013    -0.0012    -0.0061    -0.0150    -0.0239    -0.0417    -0.1091    -0.3215
 0000000246       100.    -6.7720     0.0200    -3.4315    -2.4309    -1.9041    -0.7801    -0.0144    -0.0012    -0.0062    -0.0152    -0.0241    -0.0421    -0.1108    -0.3204
 0000000246       101.    -9.4830     0.0210    -3.6491    -2.5610    -2.0172    -0.9235    -0.2297    -0.0012    -0.0063    -0.0153    -0.0244    -0.0425    -0.1126    -0.3194
 0000000246       102.   -10.1020     0.0220    -4.1333    -3.0032    -2.4261    -1.2460    -0.4694    -0.0013    -0.0063    -0.0154    -0.0246    -0.0428    -0.1142    -0.3185
 0000000246       103.   -11.8250     0.0230    -4.8746    -3.5851    -2.9323    -1.6121    -0.7345    -0.0013    -0.0064    -0.0155    -0.0247    -0.0431    -0.1159    -0.3176
 0000000246       104.   -10.5980     0.0240    -4.7100    -3.5824    -2.9975    -1.7959    -0.9906    -0.1944    -0.0440    -0.0422    -0.0422    -0.0453    -0.1174    -0.3169
 0000000246       105.    -3.9110     0.0260    -2.6166    -2.2340    -1.9729    -1.3229    -0.8346    -0.3356    -0.0471    -0.0462    -0.0461    -0.0462    -0.1189    -0.3161
 0000000246       106.    -5.4590     0.0270    -2.4788    -1.9101    -1.6265    -1.0568    -0.6924    -0.3280    -0.0543    -0.0462    -0.0461    -0.0462    -0.1204    -0.3155
 0000000246       107.    -4.8170     0.0280    -2.3780    -1.8813    -1.6196    -1.0743    -0.7176    -0.3603    -0.0738    -0.0462    -0.0461    -0.0463    -0.1219    -0.3149
 0000000246       108.    -4.6060     0.0280    -2.2700    -1.7987    -1.5529    -1.0440    -0.7130    -0.3814    -0.1055    -0.0462    -0.0461    -0.0465    -0.1233    -0.3143
 0000000246       109.    -3.7480     0.0290    -2.0000    -1.6262    -1.4215    -0.9806    -0.6867    -0.3908    -0.1381    -0.0463    -0.0461    -0.0467    -0.1246    -0.3138
 0000000246       110.    -4.6380     0.0300    -2.1547    -1.6763    -1.4403    -0.9758    -0.6871    -0.3997    -0.1627    -0.0464    -0.0461    -0.0469    -0.1259    -0.3133
 0000000246       111.    -7.5050     0.0310    -2.6742    -2.0195    -1.7099    -1.1317    -0.7864    -0.4465    -0.1873    -0.0466    -0.0461    -0.0471    -0.1272    -0.3129
 0000000246       112.    -3.6300     0.0320    -2.0753    -1.7687    -1.5771    -1.1299    -0.8135    -0.4929    -0.2242    -0.0472    -0.0461    -0.0474    -0.1285    -0.3124
 0000000246       113.    -4.7760     0.0330    -1.9998    -1.5989    -1.3979    -0.9910    -0.7300    -0.4685    -0.2455    -0.0485    -0.0461    -0.0476    -0.1298    -0.3121
 0000000246       114.    -2.8600     0.0340    -1.6312    -1.3974    -1.2540    -0.9225    -0.6931    -0.4606    -0.2580    -0.0509    -0.0461    -0.0480    -0.1310    -0.3117
 0000000246       115.    -6.2970     0.0350    -2.1850    -1.6409    -1.3954    -0.9563    -0.7059    -0.4600    -0.2648    -0.0553    -0.0461    -0.0483    -0.1322    -0.3113
 0000000246       116.    -7.7480     0.0360    -2.9086    -2.2398    -1.9167    -1.3043    -0.9311    -0.5634    -0.2942    -0.0618    -0.0462    -0.0487    -0.1333    -0.3110
 0000000246       117.   -10.5890     0.0370    -3.9584    -3.0642    -2.6295    -1.7976    -1.2713    -0.7518    -0.3746    -0.0711    -0.0462    -0.0491    -0.1345    -0.3107
 0000000246       118.   -12.1800     0.0370    -4.8298    -3.8256    -3.3239    -2.3335    -1.6747    -1.0208    -0.5340    -0.0878    -0.0462    -0.0495    -0.1356    -0.3104
 0000000246       119.   -15.5860     0.0380    -6.1491    -4.8922    -4.2674    -3.0391    -2.2090    -1.3860    -0.7764    -0.1362    -0.0462    -0.0499    -0.1367    -0.3102
 0000000246       120.   -13.3910     0.0390    -5.9392    -4.8845    -4.3375    -3.2160    -2.4251    -1.6335    -1.0287    -0.2695    -0.0464    -0.0504    -0.1377    -0.3099
 0000000246       121.    -8.8110     0.0400    -4.5153    -3.8451    -3.4763    -2.6806    -2.1034    -1.5204    -1.0579    -0.4035    -0.0468    -0.0509    -0.1388    -0.3097
 0000000246       122.    -9.2360     0.0400    -4.2184    -3.5102    -3.1478    -2.4116    -1.9056    -1.3990    -1.0044    -0.4595    -0.0492    -0.0514    -0.1398    -0.3095
 0000000246       123.    -8.9230     0.0410    -3.4811    -2.9501    -2.6711    -2.0895    -1.6853    -1.2788    -0.9554    -0.4900    -0.0601    -0.0519    -0.1409    -0.3093
 0000000246       124.    -7.1400     0.0420    -3.0260    -2.5988    -2.3676    -1.8752    -1.5310    -1.1841    -0.9055    -0.5008    -0.0880    -0.0525    -0.1419    -0.3091
 0000000246       125.    -6.7450     0.0420    -2.7464    -2.3479    -2.1379    -1.6993    -1.3991    -1.0972    -0.8545    -0.5010    -0.1265    -0.0531    -0.1428    -0.3089
 0000000246       126.   -12.3820     0.0430    -3.6873    -2.9514    -2.6046    -1.9595    -1.5566    -1.1595    -0.8651    -0.5053    -0.1584    -0.0537    -0.1438    -0.3087
 0000000246       127.   -10.4520     0.0430    -3.8939    -3.2568    -2.9272    -2.2556    -1.7974    -1.3397    -0.9915    -0.5589    -0.1866    -0.0543    -0.1448    -0.3086
 0000000246       128.    -6.8360     0.0440    -3.1649    -2.7554    -2.5256    -2.0239    -1.6654    -1.3035    -1.0154    -0.6120    -0.2231    -0.0549    -0.1457    -0.3084
 0000000246       129.    -8.3700     0.0440    -3.0987    -2.6124    -2.3682    -1.8799    -1.5540    -1.2283    -0.9736    -0.6208    -0.2582    -0.0556    -0.1466    -0.3083
 0000000246       130.   -10.5900     0.0440    -3.5990    -2.9734    -2.6666    -2.0707    -1.6818    -1.2956    -1.0043    -0.6365    -0.2853    -0.0562    -0.1475    -0.3081
 0000000246       131.   -10.9890     0.0440    -3.9406    -3.2884    -2.9600    -2.3063    -1.8676    -1.4307    -1.1010    -0.6886    -0.3159    -0.0569    -0.1484    -0.3080
 0000000246       132.   -12.1870     0.0450    -4.3083    -3.5921    -3.2334    -2.5229    -2.0444    -1.5682    -1.2104    -0.7620    -0.3580    -0.0576    -0.1493    -0.3079
 0000000246       133.   -15.2570     0.0450    -5.1431    -4.2551    -3.8161    -2.9583    -2.3814    -1.8093    -1.3857    -0.8682    -0.4152    -0.0583    -0.1501    -0.3078
 0000000246       134.   -15.7180     0.0450    -5.6614    -4.7506    -4.2904    -3.3717    -2.7362    -2.1034    -1.6317    -1.0373    -0.5056    -0.0591    -0.1510    -0.3077
 0000000246       135.    -8.6840     0.0450    -4.3741    -3.8736    -3.5892    -2.9633    -2.5000    -2.0304    -1.6626    -1.1413    -0.6104    -0.0600    -0.1518    -0.3076
 0000000246       136.   -12.7780     0.0450    -4.5798    -3.8678    -3.5179    -2.8349    -2.3750    -1.9175    -1.5727    -1.1153    -0.6524    -0.0610    -0.1527    -0.3075
 0000000246       137.   -11.7600     0.0450    -4.6915    -4.0243    -3.6816    -2.9865    -2.5027    -2.0190    -1.6527    -1.1693    -0.6974    -0.0626    -0.1535    -0.3074
 0000000246       138.    -9.4670     0.0440    -4.1921    -3.6643    -3.3842    -2.7990    -2.3834    -1.9655    -1.6432    -1.1989    -0.7461    -0.0657    -0.1543    -0.3073
 0000000246       139.   -11.7930     0.0440    -4.4403    -3.7857    -3.4605    -2.8198    -2.3855    -1.9531    -1.6275    -1.1992    -0.7730    -0.0729    -0.1551    -0.3072
 0000000246       140.    -8.3260     0.0440    -3.9471    -3.4860    -3.2356    -2.7036    -2.3224    -1.9382    -1.6408    -1.2292    -0.8098    -0.0886    -0.1558    -0.3072
 0000000246       141.   -10.9920     0.0440    -4.1688    -3.5653    -3.2675    -2.6839    -2.2914    -1.9007    -1.6062    -1.2176    -0.8282    -0.1165    -0.1566    -0.3071
 0000000246       142.   -12.1070     0.0440    -4.6333    -3.9582    -3.6206    -2.9533    -2.4991    -2.0473    -1.7099    -1.2783    -0.8678    -0.1541    -0.1575    -0.3070
 0000000246       143.   -13.5080     0.0430    -5.1267    -4.3760    -4.0006    -3.2588    -2.7507    -2.2455    -1.8701    -1.3927    -0.9455    -0.1973    -0.1584    -0.3070
 0000000246       144.   -15.7980     0.0430    -5.8751    -5.0022    -4.5677    -3.7128    -3.1246    -2.5409    -2.1103    -1.5675    -1.0660    -0.2492    -0.1598    -0.3069
 0000000246       145.   -13.5490     0.0430    -5.7426    -5.0025    -4.6196    -3.8386    -3.2827    -2.7263    -2.3088    -1.7580    -1.2254    -0.3191    -0.1619    -0.3069
 0000000246       146.   -13.4750     0.0420    -5.6292    -4.9087    -4.5412    -3.8002    -3.2777    -2.7555    -2.3641    -1.8456    -1.3358    -0.4112    -0.1660    -0.3069
 0000000246       147.    -7.8140     0.0420    -4.4405    -4.0439    -3.8172    -3.3166    -2.9418    -2.5610    -2.2643    -1.8397    -1.3921    -0.5100    -0.1746    -0.3071
 0000000246       148.    -8.7510     0.0420    -4.0505    -3.6147    -3.3917    -2.9383    -2.6206    -2.3017    -2.0569    -1.7137    -1.3500    -0.5898    -0.1935    -0.3075
 0000000246       149.    -6.6440     0.0410    -3.5928    -3.2691    -3.0920    -2.7133    -2.4401    -2.1640    -1.9492    -1.6435    -1.3192    -0.6448    -0.2283    -0.3086
 0000000246       150.    -8.9570     0.0410    -3.7907    -3.3355    -3.1125    -2.6782    -2.3867    -2.0966    -1.8782    -1.5870    -1.2911    -0.6871    -0.2762    -0.3113
 0000000246       151.   -14.6090     0.0410    -5.1852    -4.4001    -4.0257    -3.3214    -2.8598    -2.4061    -2.0788    -1.6875    -1.3388    -0.7286    -0.3297    -0.3173
 0000000246       152.   -17.8040     0.0400    -6.6641    -5.7059    -5.2338    -4.3160    -3.6862    -3.0645    -2.6137    -2.0633    -1.5773    -0.8112    -0.3872    -0.3285
 0000000246       153.   -24.0900     0.0400   -11.1408    -9.5016    -8.6935    -7.1222    -6.0114    -4.9218    -4.1414    -3.1821    -2.3333    -1.0527    -0.4652    -0.3464
 0000000246       154.   -23.7900     0.0400   -12.3523   -10.8502   -10.0906    -8.5747    -7.4614    -6.3564    -5.5525    -4.5103    -3.5134    -1.7407    -0.6786    -0.3753
 0000000246       155.   -17.8150     0.0400   -10.6851    -9.6762    -9.1470    -8.0550    -7.2295    -6.3966    -5.7778    -4.9423    -4.1023    -2.4602    -1.2132    -0.4566
 0000000246       156.   -10.4500     0.0400    -7.6797    -7.2120    -6.9442    -6.3514    -5.8841    -5.4024    -5.0324    -4.5038    -3.9413    -2.7550    -1.7378    -0.7213
 0000000246       157.    -8.1040     0.0390    -6.0203    -5.6936    -5.5117    -5.1160    -4.8119    -4.5005    -4.2602    -3.9133    -3.5382    -2.7221    -1.9776    -1.0557
 0000000246       158.    -9.1050     0.0390    -5.8991    -5.4657    -5.2475    -4.8116    -4.5004    -4.1890    -3.9568    -3.6425    -3.3214    -2.6581    -2.0670    -1.2918
 0000000246       159.   -12.1950     0.0390    -6.9827    -6.3123    -5.9860    -5.3577    -4.9227    -4.4941    -4.1841    -3.7908    -3.4179    -2.7226    -2.1620    -1.4606
 0000000246       160.   -21.4490     0.0400   -10.8243    -9.5228    -8.8957    -7.7041    -6.8762    -6.0730    -5.5058    -4.8128    -4.1910    -3.1462    -2.4240    -1.6477
 0000000246       161.   -24.4640     0.0400   -13.5783   -12.1958   -11.5084   -10.1603    -9.1781    -8.2135    -7.5227    -6.6413    -5.8098    -4.3158    -3.2231    -2.0648
 0000000246       162.   -18.7450     0.0400   -12.4649   -11.5850   -11.1258   -10.1837    -9.4654    -8.7414    -8.2083    -7.4941    -6.7815    -5.3862    -4.2368    -2.8181
 0000000246       163.    -8.2000     0.0400    -8.2526    -8.1290    -8.0250    -7.7433    -7.4865    -7.2068    -6.9815    -6.6378    -6.2512    -5.3807    -4.5525    -3.3622
 0000000246       164.   -12.4070     0.0400    -8.3711    -7.8679    -7.6236    -7.1515    -6.8158    -6.4836    -6.2412    -5.9201    -5.5977    -4.9381    -4.3371    -3.4535
 0000000246       165.   -16.4780     0.0400   -10.1897    -9.4015    -9.0170    -8.2754    -7.7486    -7.2328    -6.8637    -6.3938    -5.9476    -5.1168    -4.4458    -3.5658
 0000000246       166.   -13.6750     0.0410    -9.0536    -8.6080    -8.3743    -7.8920    -7.5276    -7.1592    -6.8855    -6.5142    -6.1377    -5.3786    -4.7207    -3.8242
 0000000246       167.   -14.0150     0.0410    -8.8425    -8.3846    -8.1524    -7.6866    -7.3437    -7.0006    -6.7483    -6.4113    -6.0737    -5.3981    -4.8098    -3.9922
 0000000246       168.   -11.8050     0.0420    -8.2850    -7.9421    -7.7615    -7.3877    -7.1055    -6.8197    -6.6066    -6.3158    -6.0186    -5.4109    -4.8725    -4.1147
 0000000246       169.   -15.3690     0.0420    -8.9416    -8.4141    -8.1559    -7.6556    -7.2991    -6.9479    -6.6943    -6.3661    -6.0475    -5.4329    -4.9135    -4.2006
 0000000246       170.   -15.1370     0.0420    -9.3528    -8.8427    -8.5855    -8.0738    -7.6995    -7.3273    -7.0562    -6.7007    -6.3524    -5.6793    -5.1178    -4.3680
 0000000246       171.   -21.7050     0.0430   -11.3089   -10.4826   -10.0817    -9.3127    -8.7663    -8.2341    -7.8561    -7.3781    -6.9283    -6.1033    -5.4522    -4.6230
 0000000246       172.   -21.9970     0.0440   -12.5519   -11.7455   -11.3419   -10.5451    -9.9586    -9.3795    -8.9626    -8.4221    -7.9004    -6.9168    -6.1252    -5.1180
 0000000246       173.   -29.2050     0.0440   -15.1986   -14.0853   -13.5393   -12.4816   -11.7113   -10.9611   -10.4288    -9.7495    -9.1042    -7.9108    -6.9665    -5.7780
 0000000246       174.   -35.2950     0.0450   -18.5811   -17.2430   -16.5817   -15.2917   -14.3360   -13.4039   -12.7424   -11.8932   -11.0813    -9.5683    -8.3638    -6.8466
 0000000246       175.   -35.3910     0.0460   -20.3949   -19.1421   -18.5129   -17.2662   -16.3205   -15.3871   -14.7180   -13.8437   -12.9914   -11.3573   -10.0110    -8.2530
 0000000246       176.   -38.9020     0.0470   -22.4419   -21.1042   -20.4362   -19.1188   -18.1193   -17.1365   -16.4344   -15.5188   -14.6267   -12.9138   -11.4941    -9.6159
 0000000246       177.   -38.7700     0.0480   -23.7020   -22.4453   -21.8122   -20.5534   -19.5859   -18.6278   -17.9393   -17.0339   -16.1436   -14.4118   -12.9545   -10.9945
 0000000246       178.   -29.0750     0.0490   -21.4522   -20.7041   -20.3098   -19.4931   -18.8387   -18.1686   -17.6726   -16.9972   -16.3087   -14.9045   -13.6611   -11.9040
 0000000246       179.   -28.8050     0.0500   -20.3237   -19.5941   -19.2220   -18.4719   -17.8884   -17.3015   -16.8728   -16.2969   -15.7165   -14.5438   -13.5075   -12.0304
 0000000246       180.   -23.7750     0.0510   -18.6228   -18.1225   -17.8585   -17.3105   -16.8726   -16.4230   -16.0885   -15.6298   -15.1579   -14.1812   -13.2980   -12.0144
 0000000246       181.   -21.8530     0.0520   -17.2252   -16.7986   -16.5761   -16.1183   -15.7568   -15.3873   -15.1129   -14.7372   -14.3505   -13.5472   -12.8152   -11.7381
 0000000246       182.   -20.0450     0.0530   -16.1387   -15.7753   -15.5852   -15.1935   -14.8846   -14.5686   -14.3336   -14.0113   -13.6790   -12.9867   -12.3537   -11.4181
 0000000246       183.   -24.7020     0.0540   -17.0445   -16.4389   -16.1401   -15.5564   -15.1211   -14.6935   -14.3874   -13.9869   -13.5939   -12.8247   -12.1638   -11.2363
 0000000246       184.   -17.6290     0.0550   -15.5050   -15.2409   -15.0930   -14.7718   -14.5069   -14.2290   -14.0179   -13.7221   -13.4119   -12.7564   -12.1544   -11.2711
 0000000246       185.   -17.2740     0.0560   -14.4115   -14.1504   -14.0141   -13.7330   -13.5121   -13.2859   -13.1169   -12.8835   -12.6408   -12.1286   -11.6527   -10.9368
 0000000246       186.   -19.3670     0.0570   -14.6610   -14.2754   -14.0831   -13.7033   -13.4182   -13.1353   -12.9303   -12.6584   -12.3874   -11.8452   -11.3673   -10.6789
 0000000246       187.   -20.4350     0.0580   -15.1443   -14.7020   -14.4805   -14.0420   -13.7124   -13.3855   -13.1494   -12.8379   -12.5299   -11.9229   -11.3996   -10.6667
 0000000246       188.   -21.9590     0.0600   -15.8045   -15.2956   -15.0418   -14.5412   -14.1659   -13.7951   -13.5284   -13.1786   -12.8349   -12.1644   -11.5940   -10.8076
 0000000246       189.   -18.5770     0.0610   -14.7401   -14.4457   -14.2900   -13.9665   -13.7111   -13.4497   -13.2551   -12.9884   -12.7145   -12.1493   -11.6406   -10.9057
 0000000246       190.   -19.0780     0.0620   -14.3117   -14.0039   -13.8470   -13.5308   -13.2886   -13.0447   -12.8657   -12.6241   -12.3793   -11.8794   -11.4313   -10.7800
 0000000246       191.   -26.6780     0.0620   -15.8945   -15.3006   -15.0124   -14.4588   -14.0553   -13.6643   -13.3881   -13.0341   -12.6948   -12.0525   -11.5212   -10.8030
 0000000246       192.   -32.2670     0.0630   -18.3330   -17.5313   -17.1377   -16.3741   -15.8094   -15.2609   -14.8733   -14.3761   -13.9003   -13.0080   -12.2854   -11.3428
 0000000246       193.   -36.2950     0.0640   -20.6565   -19.7356   -19.2796   -18.3880   -17.7193   -17.0665   -16.6034   -16.0051   -15.4282   -14.3361   -13.4444   -12.2779
 0000000246       194.   -36.5470     0.0650   -22.0785   -21.1863   -20.7392   -19.8545   -19.1795   -18.5140   -18.0379   -17.4152   -16.8067   -15.6333   -14.6553   -13.3505
 0000000246       195.   -38.6640     0.0650   -23.3727   -22.4493   -21.9875   -21.0755   -20.3786   -19.6922   -19.2015   -18.5594   -17.9311   -16.7155   -15.6964   -14.3249
 0000000246       196.   -37.6300     0.0660   -24.0566   -23.2028   -22.7719   -21.9134   -21.2497   -20.5908   -20.1167   -19.4910   -18.8733   -17.6636   -16.6357   -15.2339
 0000000246       197.   -35.7350     0.0660   -24.0304   -23.2775   -22.8952   -22.1288   -21.5317   -20.9352   -20.5035   -19.9297   -19.3585   -18.2268   -17.2515   -15.9003
 0000000246       198.   -35.4890     0.0660   -24.0479   -23.3282   -22.9640   -22.2360   -21.6702   -21.1060   -20.6981   -20.1563   -19.6172   -18.5480   -17.6239   -16.3369
 0000000246       199.   -42.2280     0.0670   -25.8175   -24.8784   -24.4128   -23.5006   -22.8057   -22.1259   -21.6429   -21.0136   -20.3999   -19.2150   -18.2195   -16.8680
 0000000246       200.   -44.5850     0.0670   -27.7396   -26.7333   -26.2303   -25.2372   -24.4725   -23.7204   -23.1841   -22.4825   -21.7960   -20.4673   -19.3513   -17.8438
 0000000246       201.   -41.1700     0.0670   -27.9975   -27.1462   -26.7134   -25.8457   -25.1644   -24.4840   -23.9925   -23.3397   -22.6907   -21.4079   -20.3057   -18.7854
 0000000246       202.   -40.6970     0.0670   -27.9501   -27.1519   -26.7478   -25.9398   -25.3068   -24.6754   -24.2194   -23.6135   -23.0104   -21.8139   -20.7792   -19.3379
 0000000246       203.   -34.5700     0.0670   -26.6680   -26.0988   -25.8027   -25.1963   -24.7088   -24.2116   -23.8458   -23.3498   -22.8457   -21.8188   -20.9059   -19.6018
 0000000246       204.   -26.8530     0.0670   -24.0145   -23.7285   -23.5706   -23.2302   -22.9426   -22.6370   -22.4041   -22.0763   -21.7302   -20.9905   -20.2992   -19.2638
 0000000246       205.   -29.7570     0.0680   -23.1870   -22.7930   -22.5936   -22.1938   -21.8806   -21.5653   -21.3347   -21.0234   -20.7071   -20.0576   -19.4693   -18.6017
 0000000246       206.   -22.3610     0.0680   -21.3601   -21.1969   -21.1020   -20.8897   -20.7051   -20.5050   -20.3498   -20.1274   -19.8887   -19.3683   -18.8727   -18.1165
 0000000246       207.    -2.5260     0.0680   -15.4351   -15.9801   -16.2159   -16.6153   -16.8626   -17.0670   -17.1865   -17.2992   -17.3629   -17.3622   -17.2426   -16.9156
 0000000246       208.   -13.7380     0.0690   -14.1145   -14.2386   -14.3075   -14.4520   -14.5641   -14.6747   -14.7522   -14.8476   -14.9310   -15.0532   -15.1033   -15.0705
 0000000246       209.   -10.0350     0.0690   -13.4633   -13.6286   -13.7032   -13.8355   -13.9223   -13.9994   -14.0485   -14.1011   -14.1397   -14.1764   -14.1664   -14.0853
 0000000246       210.   -19.1520     0.0700   -14.5485   -14.3593   -14.2759   -14.1305   -14.0354   -13.9498   -13.8931   -13.8262   -13.7665   -13.6589   -13.5668   -13.4211
 0000000246       211.   -30.2320     0.0710   -18.0026   -17.3765   -17.0799   -16.5246   -16.1305   -15.7596   -15.5058   -15.1932   -14.9077   -14.4059   -14.0281   -13.5650
 0000000246       212.   -37.8220     0.0720   -21.8234   -20.9346   -20.5015   -19.6686   -19.0543   -18.4650   -18.0544   -17.5348   -17.0460   -16.1537   -15.4572   -14.5896
 0000000246       213.   -31.5690     0.0730   -22.4749   -21.8474   -21.5266   -20.8814   -20.3793   -19.8781   -19.5161   -19.0377   -18.5656   -17.6459   -16.8737   -15.8426
 0000000246       214.   -34.7730     0.0750   -23.1955   -22.5116   -22.1708   -21.5001   -20.9886   -20.4857   -20.1268   -19.6574   -19.1982   -18.3088   -17.5608   -16.5486
 0000000246       215.   -27.4830     0.0770   -22.2831   -21.8712   -21.6543   -21.2057   -20.8453   -20.4763   -20.2038   -19.8337   -19.4573   -18.6926   -18.0176   -17.0650
 0000000246       216.   -30.6760     0.0790   -22.2510   -21.7538   -21.5053   -21.0135   -20.6361   -20.2622   -19.9931   -19.6371   -19.2840   -18.5844   -17.9780   -17.1261
 0000000246       217.   -34.8780     0.0810   -23.0704   -22.5152   -22.2368   -21.6848   -21.2603   -20.8399   -20.5380   -20.1400   -19.7472   -18.9770   -18.3191   -17.4124
 0000000246       218.   -29.2010     0.0830   -22.5755   -22.1701   -21.9595   -21.5292   -21.1872   -20.8399   -20.5850   -20.2409   -19.8929   -19.1895   -18.5700   -17.6936
 0000000246       219.   -29.1650     0.0860   -21.9468   -21.5748   -21.3849   -21.0019   -20.7015   -20.3988   -20.1776   -19.8800   -19.5794   -18.9702   -18.4294   -17.6534
 0000000246       220.   -32.7160     0.0880   -22.4078   -21.9358   -21.7005   -21.2365   -20.8815   -20.5311   -20.2797   -19.9486   -19.6216   -18.9777   -18.4228   -17.6468
 0000000246       221.   -34.4290     0.0910   -23.2264   -22.6942   -22.4280   -21.9021   -21.4988   -21.1008   -20.8158   -20.4412   -20.0728   -19.3528   -18.7398   -17.8959
 0000000246       222.   -32.7280     0.0940   -23.4296   -22.9463   -22.7011   -22.2101   -21.8277   -21.4459   -21.1698   -20.8030   -20.4380   -19.7147   -19.0904   -18.2220
 0000000246       223.   -26.7800     0.0970   -22.3764   -22.0719   -21.9108   -21.5759   -21.3048   -21.0255   -20.8179   -20.5336   -20.2419   -19.6404   -19.0992   -18.3175
 0000000246       224.   -38.5150     0.1010   -23.1532   -22.6586   -22.4117   -21.9249   -21.5530   -21.1871   -20.9258   -20.5836   -20.2478   -19.5930   -19.0348   -18.2614
 0000000246       225.   -38.5430     0.1040   -23.5952   -23.1070   -22.8613   -22.3725   -21.9947   -21.6197   -21.3498   -20.9931   -20.6401   -19.9448   -19.3479   -18.5205
 0000000246       226.   -39.0350     0.1080   -23.9083   -23.4184   -23.1716   -22.6804   -22.3001   -21.9223   -21.6502   -21.2901   -20.9331   -20.2285   -19.6220   -18.7791
 0000000246       227.   -36.1040     0.1110   -23.9131   -23.4674   -23.2405   -22.7851   -22.4289   -22.0722   -21.8135   -21.4686   -21.1242   -20.4376   -19.8408   -19.0044
 0000000246       228.   -34.7230     0.1150   -23.5987   -23.2005   -22.9975   -22.5886   -22.2677   -21.9451   -21.7103   -21.3957   -21.0798   -20.4447   -19.8869   -19.0960
 0000000246       229.   -29.8080     0.1190   -22.9422   -22.6295   -22.4670   -22.1344   -21.8688   -21.5982   -21.3988   -21.1282   -20.8527   -20.2893   -19.7855   -19.0591
 0000000246       230.   -30.4950     0.1230   -22.2761   -21.9923   -21.8467   -21.5514   -21.3180   -21.0814   -20.9075   -20.6719   -20.4322   -19.9406   -19.4983   -18.8538
 0000000246       231.   -27.7700     0.1270   -21.7737   -21.5226   -21.3924   -21.1262   -20.9144   -20.6985   -20.5393   -20.3228   -20.1017   -19.6470   -19.2369   -18.6385
 0000000246       232.   -23.9140     0.1300   -20.9046   -20.7277   -20.6333   -20.4356   -20.2742   -20.1065   -19.9806   -19.8060   -19.6243   -19.2413   -18.8871   -18.3588
 0000000246       233.   -28.9780     0.1340   -20.5533   -20.3285   -20.2154   -19.9899   -19.8151   -19.6398   -19.5120   -19.3398   -19.1654   -18.8082   -18.4853   -18.0089
 0000000246       234.   -25.3940     0.1380   -20.4548   -20.2372   -20.1248   -19.8959   -19.7152   -19.5319   -19.3973   -19.2152   -19.0304   -18.6535   -18.3164   -17.8277
 0000000246       235.   -24.2830     0.1420   -19.9142   -19.7367   -19.6442   -19.4544   -19.3031   -19.1482   -19.0334   -18.8764   -18.7150   -18.3797   -18.0740   -17.6226
 0000000246       236.   -22.2710     0.1460   -19.3387   -19.1965   -19.1214   -18.9650   -18.8388   -18.7083   -18.6107   -18.4758   -18.3357   -18.0408   -17.7680   -17.3596
 0000000246       237.   -20.4640     0.1490   -18.6679   -18.5638   -18.5075   -18.3883   -18.2904   -18.1876   -18.1098   -18.0004   -17.8850   -17.6371   -17.4029   -17.0451
 0000000246       238.   -10.4620     0.1530   -17.5703   -17.5658   -17.5563   -17.5243   -17.4883   -17.4440   -17.4060   -17.3459   -17.2757   -17.1079   -16.9343   -16.6504
 0000000246       239.   -10.6610     0.1570   -16.1970   -16.2724   -16.3040   -16.3546   -16.3822   -16.4011   -16.4087   -16.4081   -16.3955   -16.3367   -16.2511   -16.0791
 0000000246       240.   -13.3960     0.1600   -15.4034   -15.4643   -15.4919   -15.5403   -15.5711   -15.5967   -15.6114   -15.6237   -15.6276   -15.6102   -15.5676   -15.4635
 0000000246       241.   -24.0970     0.1640   -15.4786   -15.4273   -15.4043   -15.3627   -15.3336   -15.3058   -15.2860   -15.2595   -15.2321   -15.1711   -15.1078   -14.9963
 0000000246       242.   -28.2410     0.1670   -16.3801   -16.1922   -16.1019   -15.9306   -15.8067   -15.6879   -15.6050   -15.4998   -15.4001   -15.2135   -15.0601   -14.8505
 0000000246       243.   -36.3340     0.1700   -17.5155   -17.2099   -17.0620   -16.7788   -16.5720   -16.3729   -16.2336   -16.0565   -15.8885   -15.5763   -15.3248   -14.9953
 0000000246       244.   -36.2010     0.1730   -18.7675   -18.3847   -18.1961   -17.8289   -17.5554   -17.2894   -17.1015   -16.8598   -16.6281   -16.1924   -15.8389   -15.3776
 0000000246       245.   -24.9630     0.1760   -19.0669   -18.7611   -18.6047   -18.2899   -18.0463   -17.8029   -17.6267   -17.3934   -17.1627   -16.7108   -16.3281   -15.8094
 0000000246       246.   -28.8530     0.1790   -18.6262   -18.3912   -18.2714   -18.0301   -17.8426   -17.6539   -17.5162   -17.3313   -17.1453   -16.7707   -16.4414   -15.9758
 0000000246       247.   -39.2320     0.1810   -19.1262   -18.7976   -18.6360   -18.3215   -18.0860   -17.8557   -17.6919   -17.4785   -17.2703   -16.8668   -16.5253   -16.0557
 0000000246       248.   -39.9510     0.1830   -20.2900   -19.8655   -19.6554   -19.2448   -18.9359   -18.6343   -18.4203   -18.1430   -17.8746   -17.3625   -16.9387   -16.3732
 0000000246       249.   -35.0690     0.1850   -20.8967   -20.4919   -20.2881   -19.8834   -19.5731   -19.2661   -19.0457   -18.7562   -18.4719   -17.9194   -17.4540   -16.8246
 0000000246       250.   -34.3770     0.1870   -20.9243   -20.5690   -20.3891   -20.0296   -19.7516   -19.4744   -19.2740   -19.0082   -18.7442   -18.2227   -17.7744   -17.1547
 0000000246       251.   -29.3520     0.1880   -20.7359   -20.4356   -20.2818   -19.9711   -19.7280   -19.4835   -19.3053   -19.0666   -18.8273   -18.3479   -17.9295   -17.3420
 0000000246       252.   -21.5690     0.1900   -19.9747   -19.7818   -19.6792   -19.4651   -19.2921   -19.1134   -18.9802   -18.7972   -18.6087   -18.2182   -17.8649   -17.3519
 0000000246       253.   -28.6080     0.1910   -19.2690   -19.0992   -19.0121   -18.8351   -18.6954   -18.5532   -18.4479   -18.3040   -18.1559   -17.8474   -17.5645   -17.1446
 0000000246       254.   -26.2160     0.1910   -19.2647   -19.0635   -18.9611   -18.7552   -18.5953   -18.4346   -18.3175   -18.1603   -18.0021   -17.6823   -17.3985   -16.9898
 0000000246       255.   -24.6410     0.1920   -19.0254   -18.8474   -18.7558   -18.5696   -18.4235   -18.2754   -18.1666   -18.0196   -17.8703   -17.5656   -17.2931   -16.8987
 0000000246       256.   -22.7050     0.1920   -18.6556   -18.5074   -18.4302   -18.2718   -18.1462   -18.0180   -17.9230   -17.7935   -17.6608   -17.3866   -17.1382   -16.7740
 0000000246       257.   -21.8730     0.1930   -18.2378   -18.1139   -18.0492   -17.9157   -17.8093   -17.7001   -17.6188   -17.5072   -17.3920   -17.1514   -16.9308   -16.6031
 0000000246       258.   -25.3240     0.1930   -18.0489   -17.9075   -17.8359   -17.6923   -17.5811   -17.4692   -17.3872   -17.2767   -17.1645   -16.9345   -16.7268   -16.4212
 0000000246       259.   -31.3520     0.1930   -18.4226   -18.2050   -18.0979   -17.8890   -17.7323   -17.5787   -17.4690   -17.3256   -17.1849   -16.9096   -16.6732   -16.3415
 0000000246       260.   -32.9030     0.1930   -19.1492   -18.8619   -18.7198   -18.4418   -18.2329   -18.0284   -17.8830   -17.6939   -17.5101   -17.1566   -16.8606   -16.4588
 0000000246       261.   -34.7150     0.1920   -19.7891   -19.4664   -19.3060   -18.9910   -18.7527   -18.5188   -18.3520   -18.1345   -17.9223   -17.5130   -17.1700   -16.7061
 0000000246       262.   -32.0500     0.1920   -20.2178   -19.8988   -19.7384   -19.4199   -19.1761   -18.9348   -18.7614   -18.5334   -18.3090   -17.8716   -17.5011   -16.9960
 0000000246       263.   -29.9900     0.1910   -20.2329   -19.9528   -19.8105   -19.5255   -19.3048   -19.0843   -18.9245   -18.7122   -18.5008   -18.0817   -17.7202   -17.2180
 0000000246       264.   -31.9650     0.1900   -20.2145   -19.9438   -19.8071   -19.5348   -19.3248   -19.1154   -18.9640   -18.7629   -18.5627   -18.1650   -17.8201   -17.3373
 0000000246       265.   -40.9800     0.1890   -20.7829   -20.4332   -20.2606   -19.9235   -19.6693   -19.4205   -19.2434   -19.0126   -18.7873   -18.3510   -17.9824   -17.4777
 0000000246       266.   -41.4480     0.1880   -21.8711   -21.4412   -21.2279   -20.8099   -20.4933   -20.1835   -19.9635   -19.6776   -19.4000   -18.8678   -18.4254   -17.8325
 0000000246       267.   -39.9880     0.1870   -22.5689   -22.1379   -21.9219   -21.4948   -21.1674   -20.8445   -20.6136   -20.3109   -20.0144   -19.4394   -18.9560   -18.3026
 0000000246       268.   -37.6410     0.1850   -22.8441   -22.4466   -22.2459   -21.8460   -21.5367   -21.2293   -21.0079   -20.7154   -20.4262   -19.8585   -19.3740   -18.7096
 0000000246       269.   -35.2230     0.1840   -22.8079   -22.4560   -22.2772   -21.9189   -21.6396   -21.3603   -21.1581   -20.8890   -20.6208   -20.0882   -19.6277   -18.9867
 0000000246       270.   -36.5330     0.1830   -22.7353   -22.4026   -22.2342   -21.8977   -21.6361   -21.3750   -21.1860   -20.9345   -20.6838   -20.1846   -19.7510   -19.1434
 0000000246       271.   -33.3950     0.1820   -22.7138   -22.4007   -22.2414   -21.9218   -21.6723   -21.4224   -21.2410   -20.9992   -20.7576   -20.2754   -19.8557   -19.2663
 0000000246       272.   -30.0950     0.1810   -22.3709   -22.1107   -21.9770   -21.7057   -21.4915   -21.2750   -21.1166   -20.9032   -20.6877   -20.2517   -19.8665   -19.3175
 0000000246       273.   -33.3100     0.1800   -22.0830   -21.8331   -21.7062   -21.4516   -21.2527   -21.0530   -20.9075   -20.7125   -20.5161   -20.1196   -19.7687   -19.2661
 0000000246       274.   -29.7620     0.1790   -22.0160   -21.7711   -21.6461   -21.3941   -21.1968   -20.9983   -20.8538   -20.6601   -20.4655   -20.0739   -19.7294   -19.2392
 0000000246       275.   -27.8950     0.1790   -21.6459   -21.4421   -21.3369   -21.1230   -20.9536   -20.7817   -20.6554   -20.4845   -20.3110   -19.9569   -19.6407   -19.1845
 0000000246       276.   -27.3600     0.1790   -21.2534   -21.0740   -20.9815   -20.7932   -20.6441   -20.4926   -20.3810   -20.2297   -20.0754   -19.7588   -19.4739   -19.0590
 0000000246       277.   -21.9660     0.1800   -20.7376   -20.6059   -20.5358   -20.3894   -20.2705   -20.1473   -20.0552   -19.9281   -19.7965   -19.5210   -19.2684   -18.8948
 0000000246       278.   -12.7970     0.1800   -19.6102   -19.5940   -19.5788   -19.5356   -19.4910   -19.4379   -19.3936   -19.3257   -19.2484   -19.0688   -18.8880   -18.5996
 0000000246       279.   -12.5960     0.1820   -18.1982   -18.2683   -18.2976   -18.3441   -18.3691   -18.3854   -18.3912   -18.3887   -18.3750   -18.3163   -18.2335   -18.0701
 0000000246       280.    -6.7600     0.1830   -17.0152   -17.1412   -17.1981   -17.2986   -17.3645   -17.4216   -17.4569   -17.4936   -17.5188   -17.5375   -17.5216   -17.4511
 0000000246       281.   -11.1420     0.1850   -15.9802   -16.1200   -16.1869   -16.3122   -16.4006   -16.4828   -16.5379   -16.6029   -16.6582   -16.7402   -16.7817   -16.7928
 0000000246       282.   -10.4800     0.1880   -15.5308   -15.6383   -15.6902   -15.7885   -15.8589   -15.9255   -15.9709   -16.0259   -16.0747   -16.1530   -16.2003   -16.2324
 0000000246       283.    -8.3100     0.1910   -15.0206   -15.1381   -15.1941   -15.2993   -15.3739   -15.4442   -15.4920   -15.5500   -15.6015   -15.6855   -15.7388   -15.7825
 0000000246       284.   -10.9430     0.1940   -14.5531   -14.6632   -14.7170   -14.8204   -14.8954   -14.9672   -15.0170   -15.0788   -15.1350   -15.2309   -15.2965   -15.3594
 0000000246       285.    -9.7900     0.1980   -14.3122   -14.4047   -14.4497   -14.5360   -14.5986   -14.6587   -14.7005   -14.7528   -14.8008   -14.8844   -14.9435   -15.0038
 0000000246       286.   -13.6970     0.2020   -14.1427   -14.2105   -14.2445   -14.3114   -14.3611   -14.4096   -14.4438   -14.4872   -14.5279   -14.6002   -14.6527   -14.7080
 0000000246       287.   -18.4390     0.2060   -14.2996   -14.3120   -14.3199   -14.3380   -14.3534   -14.3697   -14.3820   -14.3988   -14.4157   -14.4482   -14.4732   -14.4998
 0000000246       288.   -22.1630     0.2110   -14.7230   -14.6708   -14.6472   -14.6049   -14.5766   -14.5508   -14.5337   -14.5137   -14.4964   -14.4680   -14.4475   -14.4213
 0000000246       289.   -25.2350     0.2170   -15.2821   -15.1724   -15.1201   -15.0217   -14.9516   -14.8850   -14.8390   -14.7818   -14.7290   -14.6346   -14.5621   -14.4713
 0000000246       290.   -24.9380     0.2220   -15.8394   -15.6925   -15.6208   -15.4828   -15.3818   -15.2843   -15.2158   -15.1287   -15.0463   -14.8943   -14.7737   -14.6199
 0000000246       291.   -19.4320     0.2280   -16.1184   -15.9822   -15.9138   -15.7782   -15.6759   -15.5748   -15.5024   -15.4080   -15.3160   -15.1398   -14.9941   -14.8011
 0000000246       292.   -16.7820     0.2350   -15.9521   -15.8652   -15.8197   -15.7263   -15.6530   -15.5786   -15.5238   -15.4497   -15.3748   -15.2236   -15.0911   -14.9050
 0000000246       293.   -17.9880     0.2410   -15.6680   -15.6107   -15.5804   -15.5174   -15.4671   -15.4153   -15.3766   -15.3232   -15.2679   -15.1521   -15.0461   -14.8901
 0000000246       294.   -20.2880     0.2490   -15.5673   -15.5031   -15.4705   -15.4051   -15.3547   -15.3039   -15.2666   -15.2163   -15.1651   -15.0600   -14.9651   -14.8257
 0000000246       295.   -20.7690     0.2560   -15.6217   -15.5430   -15.5034   -15.4246   -15.3647   -15.3050   -15.2617   -15.2041   -15.1466   -15.0318   -14.9311   -14.7873
 0000000246       296.   -14.7050     0.2630   -15.6042   -15.5320   -15.4948   -15.4196   -15.3613   -15.3026   -15.2595   -15.2017   -15.1435   -15.0260   -14.9222   -14.7738
 0000000246       297.    -2.8640     0.2710   -15.2555   -15.2356   -15.2224   -15.1905   -15.1617   -15.1299   -15.1049   -15.0682   -15.0282   -14.9398   -14.8550   -14.7257
 0000000246       298.    -7.9740     0.2790   -14.4953   -14.5508   -14.5744   -14.6134   -14.6361   -14.6540   -14.6634   -14.6699   -14.6698   -14.6518   -14.6192   -14.5499
 0000000246       299.    -9.1610     0.2860   -13.9292   -13.9992   -14.0319   -14.0919   -14.1327   -14.1701   -14.1945   -14.2222   -14.2443   -14.2724   -14.2805   -14.2668
 0000000246       300.    -8.9520     0.2940   -13.5991   -13.6636   -13.6944   -13.7523   -13.7931   -13.8314   -13.8574   -13.8885   -13.9154   -13.9568   -13.9799   -13.9917
 0000000246       301.    -9.2510     0.3010   -13.3523   -13.4128   -13.4420   -13.4972   -13.5365   -13.5739   -13.5995   -13.6308   -13.6586   -13.7040   -13.7328   -13.7556
 0000000246       302.    -5.3370     0.3080   -13.1478   -13.2057   -13.2336   -13.2866   -13.3245   -13.3607   -13.3857   -13.4164   -13.4442   -13.4908   -13.5220   -13.5506
 0000000246       303.    -5.4220     0.3140   -12.8971   -12.9642   -12.9963   -13.0570   -13.1002   -13.1413   -13.1696   -13.2045   -13.2360   -13.2895   -13.3261   -13.3623
 0000000246       304.   -10.9010     0.3210   -12.6393   -12.7108   -12.7456   -12.8121   -12.8598   -12.9058   -12.9377   -12.9775   -13.0141   -13.0775   -13.1228   -13.1706
 0000000246       305.    -7.2270     0.3260   -12.5150   -12.5729   -12.6016   -12.6574   -12.6983   -12.7381   -12.7663   -12.8020   -12.8355   -12.8959   -12.9409   -12.9917
 0000000246       306.   -10.9780     0.3310   -12.4140   -12.4666   -12.4925   -12.5427   -12.5794   -12.6151   -12.6403   -12.6723   -12.7024   -12.7568   -12.7978   -12.8449
 0000000246       307.   -12.3030     0.3350   -12.3639   -12.4039   -12.4240   -12.4637   -12.4931   -12.5221   -12.5428   -12.5694   -12.5948   -12.6415   -12.6774   -12.7195
 0000000246       308.   -12.3650     0.3380   -12.3872   -12.4113   -12.4236   -12.4486   -12.4674   -12.4863   -12.4999   -12.5177   -12.5350   -12.5676   -12.5934   -12.6242
 0000000246       309.    -9.6890     0.3410   -12.4142   -12.4295   -12.4373   -12.4528   -12.4644   -12.4759   -12.4842   -12.4951   -12.5056   -12.5252   -12.5406   -12.5585
 0000000246       310.    -9.6830     0.3430   -12.3663   -12.3856   -12.3949   -12.4124   -12.4249   -12.4368   -12.4450   -12.4553   -12.4646   -12.4807   -12.4920   -12.5034
 0000000246       311.    -8.8400     0.3430   -12.2683   -12.2935   -12.3055   -12.3281   -12.3441   -12.3592   -12.3697   -12.3825   -12.3940   -12.4133   -12.4262   -12.4384
 0000000246       312.    -6.0480     0.3430   -12.1393   -12.1723   -12.1880   -12.2174   -12.2381   -12.2578   -12.2713   -12.2878   -12.3027   -12.3276   -12.3446   -12.3611
 0000000246       313.    -5.9480     0.3420   -11.9462   -11.9934   -12.0158   -12.0579   -12.0874   -12.1155   -12.1349   -12.1586   -12.1800   -12.2162   -12.2414   -12.2672
 0000000246       314.    -5.5890     0.3400   -11.7294   -11.7877   -11.8157   -11.8688   -11.9066   -11.9427   -11.9679   -11.9991   -12.0276   -12.0771   -12.1128   -12.1517
 0000000246       315.    -5.5570     0.3370   -11.5254   -11.5905   -11.6220   -11.6824   -11.7256   -11.7673   -11.7965   -11.8331   -11.8670   -11.9271   -11.9717   -12.0227
 0000000246       316.    -6.6770     0.3330   -11.3466   -11.4143   -11.4474   -11.5113   -11.5573   -11.6020   -11.6336   -11.6734   -11.7108   -11.7781   -11.8293   -11.8895
 0000000246       317.    -6.8440     0.3290   -11.2151   -11.2798   -11.3118   -11.3738   -11.4190   -11.4632   -11.4945   -11.5345   -11.5724   -11.6419   -11.6959   -11.7612
 0000000246       318.    -5.1560     0.3230   -11.1122   -11.1743   -11.2049   -11.2645   -11.3079   -11.3505   -11.3808   -11.4195   -11.4565   -11.5249   -11.5788   -11.6453
 0000000246       319.    -8.5310     0.3160   -10.9964   -11.0594   -11.0905   -11.1510   -11.1951   -11.2383   -11.2690   -11.3083   -11.3458   -11.4152   -11.4699   -11.5379
 0000000246       320.    -7.0850     0.3090   -10.9345   -10.9895   -11.0169   -11.0711   -11.1109   -11.1503   -11.1785   -11.2151   -11.2503   -11.3166   -11.3699   -11.4372
 0000000246       321.    -4.5740     0.3000   -10.8785   -10.9316   -10.9578   -11.0091   -11.0466   -11.0835   -11.1098   -11.1439   -11.1767   -11.2385   -11.2883   -11.3519
 0000000246       322.    -3.1140     0.2910   -10.7016   -10.7732   -10.8077   -10.8734   -10.9202   -10.9656   -10.9975   -11.0379   -11.0758   -11.1450   -11.1991   -11.2661
 0000000246       323.    -2.2770     0.2810   -10.4210   -10.5147   -10.5599   -10.6461   -10.7075   -10.7670   -10.8088   -10.8614   -10.9105   -10.9993   -11.0675   -11.1505
 0000000246       324.    -1.8710     0.2710   -10.1335   -10.2421   -10.2949   -10.3962   -10.4687   -10.5392   -10.5890   -10.6520   -10.7112   -10.8189   -10.9023   -11.0044
 0000000246       325.    -3.4740     0.2600    -9.8866   -10.0005   -10.0564   -10.1647   -10.2429   -10.3193   -10.3737   -10.4430   -10.5087   -10.6298   -10.7249   -10.8431
 0000000246       326.    -3.6560     0.2480    -9.7321    -9.8398    -9.8931    -9.9975   -10.0734   -10.1482   -10.2017   -10.2706   -10.3368   -10.4607   -10.5600   -10.6862
 0000000246       327.    -3.0940     0.2360    -9.5615    -9.6744    -9.7300    -9.8380    -9.9162    -9.9929   -10.0478   -10.1183   -10.1858   -10.3123   -10.4141   -10.5442
 0000000246       328.    -3.3440     0.2240    -9.3740    -9.4913    -9.5491    -9.6619    -9.7437    -9.8240    -9.8814    -9.9553   -10.0262   -10.1592   -10.2661   -10.4032
 0000000246       329.    -2.6680     0.2110    -9.2125    -9.3310    -9.3895    -9.5037    -9.5865    -9.6680    -9.7264    -9.8018    -9.8743   -10.0108   -10.1213   -10.2638
 0000000246       330.    -0.7950     0.1970    -8.9848    -9.1218    -9.1882    -9.3156    -9.4066    -9.4955    -9.5588    -9.6398    -9.7170    -9.8613    -9.9772   -10.1264
 0000000246       331.     2.4530     0.1840    -8.4120    -8.6148    -8.7117    -8.8948    -9.0232    -9.1475    -9.2351    -9.3448    -9.4472    -9.6323    -9.7758    -9.9539
 0000000246       332.     3.9330     0.1210    -7.5211    -7.8295    -7.9743    -8.2435    -8.4285    -8.6067    -8.7314    -8.8855    -9.0272    -9.2784    -9.4689    -9.7002
 0000000246       333.     2.3200     0.0500    -5.4571    -6.0726    -6.3518    -6.8563    -7.1910    -7.5110    -7.7328    -8.0005    -8.2400    -8.6497    -8.9474    -9.2939
 0000000246       334.     4.1650     0.0000     4.0582    -1.2999    -2.2446    -3.5827    -4.3406    -5.0595    -5.5509    -6.1157    -6.5991    -7.3861    -7.9300    -8.5352
 0000000246       335.     4.0080     0.0000     3.9760     1.7827     0.6755    -1.1081    -1.9487    -2.7722    -3.3587    -4.0560    -4.6748    -5.7292    -6.4930    -7.3767
 0000000246       336.     0.7360     0.0000     0.7316     0.1722    -0.1203    -0.9755    -1.5856    -2.1974    -2.6523    -3.2304    -3.7728    -4.7537    -5.5082    -6.4319
 0000000246       337.     2.5500     0.0000     2.5258     1.0230     0.2688    -0.8938    -1.4531    -2.0053    -2.4100    -2.9141    -3.3863    -4.2541    -4.9407    -5.8109
 0000000246       338.     1.1980     0.0000     1.1884     0.4258     0.0354    -0.7578    -1.2579    -1.7578    -2.1311    -2.6049    -3.0520    -3.8755    -4.5284    -5.3612
 0000000246       339.    -0.6510     0.0000    -0.6356    -0.2820    -0.4530    -0.9980    -1.3846    -1.7748    -2.0735    -2.4722    -2.8636    -3.6097    -4.2175    -5.0074
 0000000246       340.    -0.8800     0.0000    -0.8818    -1.0601    -1.1897    -1.5226    -1.7751    -2.0330    -2.2375    -2.5348    -2.8473    -3.4824    -4.0252    -4.7534
 0000000246       341.     1.3180     0.0000     1.2920    -0.2672    -0.7215    -1.3418    -1.6837    -2.0200    -2.2661    -2.5754    -2.8725    -3.4470    -3.9332    -4.5941
 0000000246       342.     2.5510     0.0000     2.5285     1.0950     0.3757    -0.7486    -1.2067    -1.6537    -1.9750    -2.3545    -2.6970    -3.3139    -3.8054    -4.4501
 0000000246       343.     6.4730     0.0000     6.4310     3.8799     2.6013     0.0583    -0.5318    -1.0943    -1.5022    -1.9698    -2.3762    -3.0723    -3.5995    -4.2650
 0000000246       344.     3.5800     0.0000     3.5654     2.3345     1.7014     0.4233    -0.3771    -0.8816    -1.2571    -1.7041    -2.1059    -2.8142    -3.3584    -4.0444
 0000000246       345.     4.2150     0.0000     4.1928     2.7267     1.9866     0.5092    -0.3216    -0.7798    -1.1250    -1.5435    -1.9266    -2.6149    -3.1525    -3.8370
 0000000246       346.     3.5830     0.0000     3.5657     2.3374     1.7132     0.4626    -0.2814    -0.7086    -1.0333    -1.4298    -1.7957    -2.4597    -2.9837    -3.6566
 0000000246       347.     2.3240     0.0000     2.3140     1.5283     1.1261     0.3162    -0.2571    -0.6580    -0.9650    -1.3425    -1.6930    -2.3336    -2.8427    -3.5005
 0000000246       348.     1.4860     0.0000     1.4797     0.9791     0.7227     0.2065    -0.2456    -0.6225    -0.9132    -1.2735    -1.6098    -2.2282    -2.7225    -3.3642
 0000000246       349.     3.9920     0.0000     3.9690     2.6045     1.9226     0.5702    -0.2308    -0.5932    -0.8723    -1.2178    -1.5413    -2.1389    -2.6187    -3.2444
 0000000246       350.     5.3410     0.0000     5.3148     3.6323     2.7854     1.0981    -0.1811    -0.5466    -0.8260    -1.1653    -1.4803    -2.0608    -2.5275    -3.1377
 0000000246       351.     5.1570     0.0000     5.1338     3.5342     2.7238     1.1023    -0.1491    -0.5058    -0.7802    -1.1132    -1.4218    -1.9892    -2.4450    -3.0414
 0000000246       352.     5.6660     0.0000     5.6417     4.0277     3.2124     1.5846    -0.0890    -0.4547    -0.7327    -1.0631    -1.3666    -1.9226    -2.3688    -2.9528
 0000000246       353.     7.6670     0.0000     7.6334     5.5046     4.4349     2.3081    -0.0311    -0.4087    -0.6871    -1.0139    -1.3131    -1.8597    -2.2977    -2.8705
 0000000246       354.    10.4410     0.0000    10.3985     7.7232     6.3812     3.7201     0.3145    -0.3427    -0.6335    -0.9631    -1.2605    -1.7998    -2.2305    -2.7933
 0000000246       355.     6.0290     0.0000     6.0139     4.6283     3.9095     2.4459     0.5228    -0.2714    -0.5732    -0.9084    -1.2063    -1.7412    -2.1661    -2.7203
 0000000246       356.     7.9700     0.0000     7.9403     6.0700     5.1310     3.2657     0.8718    -0.2207    -0.5257    -0.8580    -1.1536    -1.6837    -2.1037    -2.6504
 0000000246       357.     4.8290     0.0000     4.8177     3.7896     3.2565     2.1710     0.7427    -0.1784    -0.4805    -0.8113    -1.1045    -1.6290    -2.0439    -2.5834
 0000000246       358.     7.1930     0.0000     7.1665     5.5482     4.7383     3.1333     1.0772    -0.1537    -0.4465    -0.7707    -1.0596    -1.5774    -1.9871    -2.5195
 0000000246       359.    11.0720     0.0000    11.0330     8.6872     7.5153     5.1966     2.2327    -0.0950    -0.4117    -0.7346    -1.0193    -1.5296    -1.9335    -2.4588
 0000000246       360.    11.9500     0.0000    11.9143     9.5466     8.3537     5.9834     2.9578    -0.0011    -0.3723    -0.6980    -0.9808    -1.4848    -1.8833    -2.4014
 0000000246       361.     6.9850     0.0000     6.9726     5.7238     5.0712     3.7333     1.9581     0.1555    -0.3249    -0.6590    -0.9421    -1.4418    -1.8356    -2.3469
 0000000246       362.    11.3800     0.0000    11.3427     9.1520     8.0611     5.9100     3.1733     0.4685    -0.2775    -0.6193    -0.9030    -1.3998    -1.7895    -2.2948
 0000000246       363.     7.9830     0.0000     7.9669     6.5939     5.8846     4.4428     2.5451     0.6251    -0.1857    -0.5703    -0.8615    -1.3583    -1.7448    -2.2446
 0000000246       364.    11.0330     0.0000    11.0004     9.0227     8.0344     6.0800     3.5872     1.1221    -0.0671    -0.5168    -0.8157    -1.3155    -1.7004    -2.1958
 0000000246       365.    11.7930     0.0000    11.7628     9.7618     8.7521     6.7392     4.1472     1.5662     0.2712    -0.4525    -0.7660    -1.2715    -1.6557    -2.1477
