 0000000246         1.     2.8610     0.0000     3.9920     3.3059     2.6704     1.0940    -0.0093    -0.2919    -0.5704    -0.8281    -1.1036    -1.8662    -2.3295    -2.9450
 0000000246         2.     2.6330     0.0000     2.6239     1.9707     1.6292     0.9287     0.0022    -0.3002    -0.5427    -0.8526    -1.1577    -1.7351    -2.1614    -2.5870
 0000000246         3.     4.4170     0.0000     4.3937     3.0521     2.4450     1.3345     0.0107    -0.2952    -0.5389    -0.8444    -1.1331    -1.6532    -2.0316    -2.4319
 0000000246         4.     3.7150     0.0000     3.7034     2.8161     2.3393     1.3477     0.0274    -0.2851    -0.5283    -0.8243    -1.0977    -1.5812    -1.9330    -2.3176
 0000000246         5.     4.8840     0.0000     4.8614     3.4794     2.8283     1.6007     0.1100    -0.2720    -0.5124    -0.7992    -1.0603    -1.5181    -1.8521    -2.2252
 0000000246         6.     7.2420     0.0000     7.2068     5.1327     4.1859     2.4632     0.4764    -0.2436    -0.4906    -0.7718    -1.0235    -1.4621    -1.7830    -2.1470
 0000000246         7.    11.3920     0.0000    11.3361     8.1012     6.6384     3.9853     0.9411    -0.2129    -0.4640    -0.7418    -0.9872    -1.4114    -1.7223    -2.0788
 0000000246         8.     8.7990     0.0000     8.7802     7.1419     6.2105     4.2050     1.4520    -0.1567    -0.4286    -0.7093    -0.9510    -1.3647    -1.6677    -2.0179
 0000000246         9.    10.3120     0.0000    10.2739     7.8882     6.7475     4.5780     1.9340    -0.0915    -0.3884    -0.6738    -0.9142    -1.3208    -1.6178    -1.9628
 0000000246        10.    10.0630     0.0000    10.0336     7.9945     6.9560     4.8796     2.2169    -0.0290    -0.3513    -0.6379    -0.8771    -1.2789    -1.5713    -1.9122
 0000000246        11.     7.5780     0.0000     7.5670     6.4688     5.8107     4.3424     2.2539     0.0734    -0.3123    -0.6030    -0.8413    -1.2388    -1.5276    -1.8652
 0000000246        12.     5.2890     0.0000     5.2847     4.6739     4.2656     3.2911     1.8149     0.2129    -0.2725    -0.5683    -0.8063    -1.2006    -1.4864    -1.8210
 0000000246        13.     4.6940     0.0000     4.6842     3.9320     3.5226     2.6524     1.4481     0.1896    -0.2409    -0.5354    -0.7726    -1.1640    -1.4472    -1.7793
 0000000246        14.     6.0130     0.0000     5.9909     4.6641     4.0473     2.8980     1.5238     0.2208    -0.2176    -0.5069    -0.7413    -1.1291    -1.4099    -1.7398
 0000000246        15.     8.2970     0.0000     8.2642     6.3432     5.4706     3.8883     2.0771     0.4325    -0.1839    -0.4809    -0.7129    -1.0964    -1.3746    -1.7023
 0000000246        16.    12.9090     0.0000    12.8535     9.7138     8.3260     5.8810     3.2018     0.8870    -0.1159    -0.4523    -0.6853    -1.0655    -1.3412    -1.6667
 0000000246        17.    10.6140     0.0000    10.5961     9.0613     8.1977     6.3581     3.8740     1.3932     0.1815    -0.4110    -0.6550    -1.0358    -1.3094    -1.6328
 0000000246        18.     7.2660     0.0000     7.2642     6.6715     6.2276     5.1110     3.3499     1.3810     0.3582    -0.3530    -0.6172    -1.0055    -1.2786    -1.6004
 0000000246        19.    10.3000     0.0000    10.2620     8.0886     7.1121     5.3444     3.2994     1.4096     0.4937    -0.2965    -0.5761    -0.9736    -1.2480    -1.5690
 0000000246        20.    14.8910     0.0000    14.8329    11.5142    10.0366     7.4169     4.5284     2.0336     0.8862    -0.2406    -0.5356    -0.9408    -1.2171    -1.5383
 0000000246        21.    10.4200     0.0000    10.4155     9.4933     8.8480     7.3015     4.9980     2.5532     1.3257    -0.1443    -0.4910    -0.9077    -1.1862    -1.5081
 0000000246        22.     6.7220     0.0000     6.7265     6.5156     6.2448     5.4312     3.9784     2.2275     1.2793    -0.0171    -0.4377    -0.8734    -1.1551    -1.4782
 0000000246        23.     5.8620     0.0000     5.8554     5.2828     4.9470     4.1837     3.0332     1.7306     1.0326     0.0759    -0.3894    -0.8375    -1.1236    -1.4485
 0000000246        24.     5.9150     0.0000     5.9028     5.0758     4.6556     3.8044     2.6738     1.5055     0.9054     0.0983    -0.3503    -0.8027    -1.0919    -1.4189
 0000000246        25.     4.9520     0.0000     4.9463     4.4231     4.1163     3.4350     2.4563     1.4066     0.8624     0.1293    -0.3200    -0.7703    -1.0609    -1.3895
 0000000246        26.     6.2480     0.0000     6.2287     5.0904     4.5673     3.6010     2.4554     1.3748     0.8441     0.1450    -0.2960    -0.7410    -1.0314    -1.3608
 0000000246        27.     8.1570     0.0000     8.1295     6.5213     5.7915     4.4720     2.9746     1.6414     1.0143     0.2132    -0.2754    -0.7147    -1.0036    -1.3329
 0000000246        28.     7.7410     0.0000     7.7256     6.6165     6.0428     4.8882     3.4093     1.9716     1.2685     0.3545    -0.2511    -0.6907    -0.9777    -1.3062
 0000000246        29.     9.2500     0.0000     9.2230     7.5908     6.8299     5.4145     3.7397     2.1853     1.4359     0.4644    -0.2230    -0.6680    -0.9533    -1.2806
 0000000246        30.     7.3980     0.0000     7.3912     6.6735     6.2353     5.2494     3.8407     2.3628     1.6129     0.6189    -0.1863    -0.6457    -0.9301    -1.2561
 0000000246        31.     7.2830     0.0000     7.2696     6.3400     5.8615     4.8862     3.5889     2.2552     1.5736     0.6586    -0.1474    -0.6230    -0.9076    -1.2326
 0000000246        32.     8.3440     0.0000     8.3221     6.9768     6.3403     5.1372     3.6781     2.2888     1.6085     0.7199    -0.1082    -0.6002    -0.8856    -1.2098
 0000000246        33.     9.1530     0.0000     9.1301     7.6799     6.9832     5.6556     4.0450     2.5293     1.7968     0.8504    -0.0564    -0.5777    -0.8639    -1.1877
 0000000246        34.     5.6830     0.0000     5.6890     5.6196     5.4390     4.8531     3.7925     2.5323     1.8572     0.9345     0.0079    -0.5552    -0.8425    -1.1660
 0000000246        35.     6.5760     0.0000     6.5607     5.6388     5.2028     4.3639     3.2957     2.2032     1.6367     0.8630     0.0792    -0.5330    -0.8216    -1.1448
 0000000246        36.     7.1280     0.0000     7.1115     6.0626     5.5555     4.5796     3.3728     2.2070     1.6310     0.8729     0.1244    -0.5111    -0.8009    -1.1241
 0000000246        37.     7.5240     0.0000     7.5072     6.4184     5.8856     4.8533     3.5725     2.3413     1.7378     0.9493     0.1742    -0.4902    -0.7808    -1.1038
 0000000246        38.     7.5050     0.0000     7.4905     6.4980     5.9964     4.9988     3.7250     2.4761     1.8593     1.0521     0.2598    -0.4707    -0.7613    -1.0839
 0000000246        39.     6.1930     0.0000     6.1881     5.6743     5.3587     4.6410     3.5950     2.4703     1.8883     1.1044     0.3211    -0.4514    -0.7424    -1.0646
 0000000246        40.     4.2140     0.0000     4.2175     4.1817     4.0758     3.7179     3.0365     2.1814     1.7038     1.0281     0.3289    -0.4321    -0.7241    -1.0457
 0000000246        41.     4.1080     0.0000     4.1028     3.7330     3.5351     3.1097     2.4914     1.7899     1.4047     0.8582     0.2878    -0.4138    -0.7062    -1.0274
 0000000246        42.     4.4200     0.0000     4.4110     3.8395     3.5613     3.0175     2.3217     1.6165     1.2538     0.7599     0.2576    -0.3970    -0.6890    -1.0095
 0000000246        43.     5.5780     0.0000     5.5617     4.6111     4.1794     3.3950     2.4922     1.6699     1.2756     0.7649     0.2640    -0.3822    -0.6725    -0.9921
 0000000246        44.     7.3150     0.0000     7.2915     5.9346     5.3251     4.2361     3.0255     1.9767     1.4954     0.8954     0.3257    -0.3690    -0.6570    -0.9753
 0000000246        45.    12.5050     0.0000    12.4530     9.6302     8.4291     6.4032     4.3418     2.7225     2.0307     1.2156     0.4777    -0.3566    -0.6425    -0.9592
 0000000246        46.    13.8480     0.0000    13.8110    11.4827    10.3773     8.3182     5.9415     3.8690     2.9378     1.8169     0.8016    -0.3438    -0.6287    -0.9436
 0000000246        47.    13.2880     0.0000    13.2643    11.5719    10.7008     8.9574     6.7488     4.6417     3.6345     2.3601     1.1511    -0.3265    -0.6152    -0.9287
 0000000246        48.    12.3620     0.0000    12.3445    11.0199    10.3126     8.8464     6.8951     4.9329     3.9572     2.6828     1.4438    -0.3007    -0.6011    -0.9141
 0000000246        49.    10.0190     0.0000    10.0148     9.4001     8.9880     8.0024     6.5002     4.8378     3.9664     2.7862     1.6058    -0.2652    -0.5851    -0.8996
 0000000246        50.     9.7760     0.0000     9.7630     8.8388     8.3547     7.3488     5.9706     4.5070     3.7400     2.6875     1.6142    -0.2236    -0.5665    -0.8847
 0000000246        51.     8.1370     0.0000     8.1336     7.6686     7.3606     6.6238     5.4894     4.2089     3.5234     2.5745     1.6029    -0.1786    -0.5460    -0.8690
 0000000246        52.     5.8120     0.0000     5.8173     5.8504     5.7623     5.4081     4.6752     3.7117     3.1584     2.3578     1.5102    -0.1394    -0.5243    -0.8525
 0000000246        53.     4.3030     0.0000     4.3075     4.4007     4.3751     4.1902     3.7251     3.0451     2.6302     2.0033     1.3162    -0.1047    -0.5027    -0.8354
 0000000246        54.     4.0820     0.0000     4.0796     3.8828     3.7665     3.4913     3.0412     2.4742     2.1403     1.6389     1.0861    -0.0800    -0.4820    -0.8181
 0000000246        55.     9.0540     0.0000     9.0137     6.9519     6.1175     4.7745     3.4810     2.4841     2.0451     1.4981     0.9687    -0.0669    -0.4629    -0.8008
 0000000246        56.    11.0020     0.0000    10.9695     9.0270     8.1387     6.5390     4.7717     3.2908     2.6414     1.8725     1.1851    -0.0509    -0.4457    -0.7840
 0000000246        57.     5.5840     0.0000     5.6012     6.0250     6.0170     5.6675     4.7892     3.6651     3.0646     2.2625     1.4803    -0.0141    -0.4303    -0.7679
 0000000246        58.     5.0990     0.0000     5.0972     4.9021     4.7722     4.4412     3.8701     3.1436     2.7225     2.1052     1.4437     0.0629    -0.4158    -0.7525
 0000000246        59.     4.6230     0.0000     4.6205     4.3822     4.2365     3.8944     3.3579     2.7196     2.3594     1.8357     1.2728     0.0831    -0.4009    -0.7378
 0000000246        60.     4.8630     0.0000     4.8556     4.3849     4.1534     3.6942     3.0889     2.4512     2.1121     1.6358     1.1354     0.0905    -0.3862    -0.7235
 0000000246        61.     6.3920     0.0000     6.3741     5.3644     4.9179     4.1258     3.2395     2.4457     2.0653     1.5692     1.0773     0.0932    -0.3724    -0.7095
 0000000246        62.     4.3980     0.0000     4.4010     4.3297     4.2117     3.8529     3.2308     2.5134     2.1359     1.6262     1.1169     0.1104    -0.3599    -0.6960
 0000000246        63.     4.2580     0.0000     4.2537     3.9373     3.7671     3.4023     2.8792     2.2976     1.9830     1.5406     1.0792     0.1282    -0.3483    -0.6830
 0000000246        64.     4.4340     0.0000     4.4270     3.9755     3.7526     3.3122     2.7412     2.1565     1.8534     1.4369     1.0080     0.1264    -0.3375    -0.6705
 0000000246        65.     2.4280     0.0000     2.4357     2.6844     2.7239     2.6645     2.3894     1.9655     1.7129     1.3430     0.9486     0.1249    -0.3273    -0.6586
 0000000246        66.     2.2730     0.0000     2.2727     2.2256     2.1894     2.0853     1.8800     1.5889     1.4076     1.1262     0.8084     0.1068    -0.3178    -0.6472
 0000000246        67.     3.6800     0.0000     3.6678     3.0293     2.7636     2.3180     1.8496     1.4393     1.2383     0.9654     0.6814     0.0819    -0.3092    -0.6363
 0000000246        68.     4.9060     0.0000     4.8908     4.0259     3.6430     2.9701     2.2414     1.6275     1.3509     1.0103     0.6903     0.0792    -0.3015    -0.6259
 0000000246        69.     4.2890     0.0000     4.2842     3.8726     3.6419     3.1538     2.5036     1.8654     1.5573     1.1665     0.7967     0.1012    -0.2948    -0.6161
 0000000246        70.     3.0400     0.0000     3.0422     3.0153     2.9482     2.7290     2.3267     1.8415     1.5789     1.2175     0.8514     0.1218    -0.2888    -0.6068
 0000000246        71.     3.3960     0.0000     3.3900     3.0309     2.8612     2.5344     2.1161     1.6832     1.4553     1.1379     0.8074     0.1232    -0.2830    -0.5981
 0000000246        72.     4.3170     0.0000     4.3055     3.6468     3.3525     2.8260     2.2314     1.6963     1.4401     1.1069     0.7775     0.1203    -0.2774    -0.5898
 0000000246        73.     3.2190     0.0000     3.2194     3.0941     2.9859     2.7029     2.2528     1.7543     1.4961     1.1503     0.8066     0.1287    -0.2721    -0.5818
 0000000246        74.     8.1180     0.0000     8.0789     6.0956     5.2993     4.0339     2.8522     1.9923     1.6367     1.2210     0.8439     0.1392    -0.2669    -0.5742
 0000000246        75.    10.4000     0.0000    10.3665     8.4030     7.5193     5.9548     4.2748     2.9196     2.3469     1.6958     1.1412     0.2026    -0.2619    -0.5670
 0000000246        76.     9.1390     0.0000     9.1273     8.1598     7.6270     6.5178     5.0754     3.7046     3.0652     2.2853     1.5827     0.3482    -0.2567    -0.5599
 0000000246        77.     4.1110     0.0000     4.1319     4.8571     5.0105     4.9810     4.4787     3.6603     3.1815     2.5046     1.8158     0.4634    -0.2500    -0.5531
 0000000246        78.     6.7280     0.0000     6.7080     5.7038     5.2955     4.6126     3.8670     3.1552     2.7816     2.2517     1.6870     0.4932    -0.2413    -0.5463
 0000000246        79.     5.4280     0.0000     5.4268     5.1658     4.9805     4.5305     3.8450     3.0916     2.6964     2.1561     1.6052     0.4863    -0.2303    -0.5392
 0000000246        80.     2.4630     0.0000     2.4775     3.0499     3.2097     3.3159     3.1379     2.7128     2.4306     1.9945     1.5135     0.4845    -0.2187    -0.5318
 0000000246        81.     2.4030     0.0000     2.4039     2.4517     2.4642     2.4506     2.3366     2.0952     1.9193     1.6204     1.2607     0.4219    -0.2076    -0.5240
 0000000246        82.     3.4560     0.0000     3.4472     2.9933     2.8046     2.4837     2.1280     1.7834     1.5981     1.3261     1.0233     0.3415    -0.1977    -0.5159
 0000000246        83.     2.8160     0.0000     2.8156     2.7003     2.6151     2.4036     2.0726     1.6984     1.4971     1.2148     0.9191     0.2973    -0.1895    -0.5078
 0000000246        84.     1.2290     0.0000     1.2371     1.5661     1.6628     1.7410     1.6705     1.4625     1.3185     1.0903     0.8332     0.2696    -0.1829    -0.4998
 0000000246        85.     0.9790     0.0000     0.9813     1.1000     1.1442     1.1964     1.1889     1.0940     1.0112     0.8605     0.6718     0.2185    -0.1775    -0.4920
 0000000246        86.    -0.0980     0.0000    -0.0771     0.3110     0.4434     0.6351     0.7566     0.7598     0.7215     0.6279     0.4959     0.1554    -0.1733    -0.4847
 0000000246        87.    -0.0540     0.0000    -0.0500     0.1100     0.1732     0.2852     0.3891     0.4338     0.4290     0.3884     0.3133     0.0892    -0.1703    -0.4778
 0000000246        88.    -1.5050     0.0000    -1.4662     0.0201     0.0587     0.1297     0.1985     0.2324     0.2330     0.2122     0.1690     0.0316    -0.1682    -0.4714
 0000000246        89.    -0.3780     0.0000    -0.3790    -0.1103     0.0136     0.0519     0.0905     0.1112     0.1123     0.1010     0.0761    -0.0046    -0.1672    -0.4654
 0000000246        90.    -0.4300     0.0100    -0.2256    -0.0739     0.0020     0.0189     0.0365     0.0454     0.0450     0.0376     0.0227    -0.0243    -0.1668    -0.4599
 0000000246        91.    -0.1950     0.0110    -0.1315    -0.0519     0.0017     0.0068     0.0116     0.0122     0.0101     0.0038    -0.0063    -0.0356    -0.1669    -0.4549
 0000000246        92.    -1.0290     0.0120    -0.1878    -0.0476     0.0007     0.0011     0.0010     0.0004    -0.0035    -0.0112    -0.0199    -0.0401    -0.1675    -0.4504
 0000000246        93.    -1.7660     0.0130    -0.3311    -0.0714    -0.0002    -0.0001    -0.0005    -0.0011    -0.0059    -0.0145    -0.0234    -0.0422    -0.1683    -0.4463
 0000000246        94.    -4.3540     0.0140    -0.9142    -0.2479    -0.0007    -0.0001    -0.0006    -0.0011    -0.0062    -0.0153    -0.0244    -0.0429    -0.1693    -0.4425
 0000000246        95.    -5.8020     0.0150    -1.5360    -0.6361    -0.2347    -0.0001    -0.0006    -0.0011    -0.0063    -0.0155    -0.0248    -0.0435    -0.1704    -0.4391
 0000000246        96.    -2.4880     0.0160    -1.0189    -0.5957    -0.3315    -0.0001    -0.0006    -0.0011    -0.0064    -0.0157    -0.0252    -0.0442    -0.1716    -0.4361
 0000000246        97.    -2.4070     0.0170    -0.8502    -0.4874    -0.3000    -0.0001    -0.0006    -0.0011    -0.0065    -0.0160    -0.0255    -0.0449    -0.1729    -0.4333
 0000000246        98.    -5.4390     0.0180    -1.5864    -0.8054    -0.4673    -0.0001    -0.0006    -0.0012    -0.0065    -0.0162    -0.0258    -0.0453    -0.1742    -0.4308
 0000000246        99.    -7.4920     0.0190    -2.5161    -1.4630    -0.9670    -0.0076    -0.0006    -0.0012    -0.0066    -0.0163    -0.0261    -0.0457    -0.1756    -0.4285
 0000000246       100.    -6.7720     0.0200    -2.6709    -1.7469    -1.2724    -0.2911    -0.0012    -0.0012    -0.0067    -0.0165    -0.0263    -0.0462    -0.1769    -0.4264
 0000000246       101.    -9.4830     0.0210    -2.7427    -1.8026    -1.3496    -0.4672    -0.0012    -0.0012    -0.0068    -0.0167    -0.0267    -0.0467    -0.1783    -0.4245
 0000000246       102.   -10.1020     0.0220    -3.1738    -2.1827    -1.6919    -0.7217    -0.0012    -0.0012    -0.0069    -0.0169    -0.0270    -0.0473    -0.1796    -0.4227
 0000000246       103.   -11.8250     0.0230    -3.7980    -2.6652    -2.1095    -1.0202    -0.0119    -0.0012    -0.0070    -0.0171    -0.0273    -0.0479    -0.1810    -0.4211
 0000000246       104.   -10.5980     0.0240    -3.8363    -2.8369    -2.3233    -1.2989    -0.4604    -0.0012    -0.0070    -0.0172    -0.0275    -0.0486    -0.1823    -0.4196
 0000000246       105.    -3.9110     0.0260    -2.3502    -1.9872    -1.7324    -1.1235    -0.5438    -0.0012    -0.0071    -0.0174    -0.0277    -0.0495    -0.1836    -0.4182
 0000000246       106.    -5.4590     0.0270    -2.1073    -1.6247    -1.3801    -0.8756    -0.4014    -0.0012    -0.0072    -0.0176    -0.0280    -0.0504    -0.1849    -0.4169
 0000000246       107.    -4.8170     0.0280    -1.9885    -1.5599    -1.3362    -0.8783    -0.4603    -0.0087    -0.0073    -0.0178    -0.0283    -0.0514    -0.1862    -0.4157
 0000000246       108.    -4.6060     0.0280    -1.9052    -1.5022    -1.2952    -0.8782    -0.5088    -0.1498    -0.0446    -0.0422    -0.0420    -0.0524    -0.1875    -0.4146
 0000000246       109.    -3.7480     0.0290    -1.7253    -1.4071    -1.2350    -0.8738    -0.5401    -0.2052    -0.0461    -0.0459    -0.0459    -0.0535    -0.1887    -0.4136
 0000000246       110.    -4.6380     0.0300    -1.8344    -1.4384    -1.2468    -0.8765    -0.5556    -0.2398    -0.0480    -0.0461    -0.0461    -0.0547    -0.1899    -0.4126
 0000000246       111.    -7.5050     0.0310    -2.1910    -1.6621    -1.4211    -0.9833    -0.6261    -0.2830    -0.0535    -0.0461    -0.0461    -0.0560    -0.1912    -0.4117
 0000000246       112.    -3.6300     0.0320    -1.8259    -1.5651    -1.4039    -1.0415    -0.6918    -0.3370    -0.0669    -0.0461    -0.0461    -0.0573    -0.1923    -0.4109
 0000000246       113.    -4.7760     0.0330    -1.7487    -1.4263    -1.2651    -0.9398    -0.6433    -0.3447    -0.0914    -0.0461    -0.0461    -0.0586    -0.1935    -0.4101
 0000000246       114.    -2.8600     0.0340    -1.4691    -1.2753    -1.1564    -0.8864    -0.6226    -0.3523    -0.1187    -0.0462    -0.0461    -0.0599    -0.1947    -0.4093
 0000000246       115.    -6.2970     0.0350    -1.8402    -1.4107    -1.2224    -0.8882    -0.6178    -0.3560    -0.1405    -0.0462    -0.0461    -0.0613    -0.1958    -0.4086
 0000000246       116.    -7.7480     0.0360    -2.3858    -1.8410    -1.5894    -1.1334    -0.7661    -0.4182    -0.1625    -0.0464    -0.0461    -0.0627    -0.1969    -0.4080
 0000000246       117.   -10.5890     0.0370    -3.2056    -2.4658    -2.1255    -1.5082    -1.0086    -0.5391    -0.2040    -0.0468    -0.0461    -0.0641    -0.1980    -0.4073
 0000000246       118.   -12.1800     0.0370    -3.9817    -3.1379    -2.7354    -1.9782    -1.3389    -0.7311    -0.2903    -0.0476    -0.0461    -0.0656    -0.1991    -0.4067
 0000000246       119.   -15.5860     0.0380    -5.0568    -3.9901    -3.4853    -2.5399    -1.7411    -0.9861    -0.4384    -0.0495    -0.0461    -0.0670    -0.2002    -0.4062
 0000000246       120.   -13.3910     0.0390    -5.1922    -4.2932    -3.8335    -2.9134    -2.0796    -1.2615    -0.6491    -0.0577    -0.0461    -0.0684    -0.2013    -0.4057
 0000000246       121.    -8.8110     0.0400    -4.2829    -3.7223    -3.4039    -2.7127    -2.0361    -1.3396    -0.7933    -0.1052    -0.0461    -0.0699    -0.2023    -0.4052
 0000000246       122.    -9.2360     0.0400    -3.9292    -3.3498    -3.0506    -2.4385    -1.8653    -1.2840    -0.8264    -0.2122    -0.0462    -0.0713    -0.2033    -0.4047
 0000000246       123.    -8.9230     0.0410    -3.3079    -2.8828    -2.6538    -2.1686    -1.7003    -1.2171    -0.8289    -0.2871    -0.0463    -0.0728    -0.2043    -0.4042
 0000000246       124.    -7.1400     0.0420    -2.8940    -2.5533    -2.3637    -1.9547    -1.5563    -1.1438    -0.8100    -0.3372    -0.0469    -0.0742    -0.2053    -0.4038
 0000000246       125.    -6.7450     0.0420    -2.6122    -2.2974    -2.1280    -1.7692    -1.4249    -1.0701    -0.7814    -0.3667    -0.0495    -0.0756    -0.2063    -0.4034
 0000000246       126.   -12.3820     0.0430    -3.1830    -2.5998    -2.3348    -1.8516    -1.4497    -1.0646    -0.7723    -0.3864    -0.0568    -0.0771    -0.2073    -0.4030
 0000000246       127.   -10.4520     0.0430    -3.3939    -2.8762    -2.6138    -2.0941    -1.6310    -1.1779    -0.8375    -0.4184    -0.0718    -0.0785    -0.2082    -0.4027
 0000000246       128.    -6.8360     0.0440    -2.9499    -2.6181    -2.4291    -2.0186    -1.6203    -1.2116    -0.8902    -0.4656    -0.0957    -0.0799    -0.2092    -0.4023
 0000000246       129.    -8.3700     0.0440    -2.8544    -2.4691    -2.2756    -1.8873    -1.5307    -1.1711    -0.8873    -0.4977    -0.1272    -0.0813    -0.2101    -0.4020
 0000000246       130.   -10.5900     0.0440    -3.1679    -2.6684    -2.4293    -1.9735    -1.5781    -1.1929    -0.9004    -0.5202    -0.1597    -0.0827    -0.2111    -0.4017
 0000000246       131.   -10.9890     0.0440    -3.4387    -2.9114    -2.6524    -2.1500    -1.7089    -1.2795    -0.9579    -0.5552    -0.1905    -0.0841    -0.2120    -0.4014
 0000000246       132.   -12.1870     0.0450    -3.7387    -3.1572    -2.8737    -2.3266    -1.8477    -1.3831    -1.0372    -0.6069    -0.2244    -0.0855    -0.2129    -0.4011
 0000000246       133.   -15.2570     0.0450    -4.3513    -3.6238    -3.2779    -2.6256    -2.0678    -1.5362    -1.1484    -0.6762    -0.2648    -0.0869    -0.2137    -0.4008
 0000000246       134.   -15.7180     0.0450    -4.8273    -4.0722    -3.7021    -2.9865    -2.3594    -1.7564    -1.3166    -0.7800    -0.3183    -0.0882    -0.2146    -0.4005
 0000000246       135.    -8.6840     0.0450    -4.1266    -3.7115    -3.4686    -2.9344    -2.4074    -1.8639    -1.4460    -0.8972    -0.3920    -0.0896    -0.2155    -0.4003
 0000000246       136.   -12.7780     0.0450    -4.1682    -3.5949    -3.3170    -2.7763    -2.2910    -1.8093    -1.4421    -0.9490    -0.4634    -0.0910    -0.2163    -0.4001
 0000000246       137.   -11.7600     0.0450    -4.2499    -3.7055    -3.4284    -2.8736    -2.3680    -1.8666    -1.4892    -0.9958    -0.5206    -0.0925    -0.2172    -0.3998
 0000000246       138.    -9.4670     0.0440    -3.9375    -3.5095    -3.2798    -2.8000    -2.3442    -1.8803    -1.5239    -1.0462    -0.5781    -0.0944    -0.2180    -0.3996
 0000000246       139.   -11.7930     0.0440    -4.0531    -3.5262    -3.2682    -2.7640    -2.3117    -1.8643    -1.5256    -1.0745    -0.6280    -0.0973    -0.2188    -0.3994
 0000000246       140.    -8.3260     0.0440    -3.7452    -3.3721    -3.1664    -2.7298    -2.3106    -1.8822    -1.5526    -1.1104    -0.6750    -0.1030    -0.2197    -0.3992
 0000000246       141.   -10.9920     0.0440    -3.8410    -3.3587    -3.1239    -2.6666    -2.2569    -1.8509    -1.5425    -1.1295    -0.7175    -0.1154    -0.2205    -0.3990
 0000000246       142.   -12.1070     0.0440    -4.1531    -3.6058    -3.3384    -2.8206    -2.3639    -1.9196    -1.5904    -1.1666    -0.7600    -0.1392    -0.2215    -0.3988
 0000000246       143.   -13.5080     0.0430    -4.5260    -3.9117    -3.6130    -3.0377    -2.5334    -2.0468    -1.6905    -1.2405    -0.8203    -0.1759    -0.2227    -0.3987
 0000000246       144.   -15.7980     0.0430    -5.0853    -4.3634    -4.0164    -3.3552    -2.7824    -2.2365    -1.8425    -1.3529    -0.9056    -0.2241    -0.2247    -0.3986
 0000000246       145.   -13.5490     0.0430    -5.1432    -4.5272    -4.2120    -3.5807    -3.0060    -2.4420    -2.0284    -1.5049    -1.0235    -0.2851    -0.2282    -0.3985
 0000000246       146.   -13.4750     0.0420    -5.1227    -4.5288    -4.2289    -3.6313    -3.0864    -2.5483    -2.1500    -1.6355    -1.1495    -0.3635    -0.2348    -0.3987
 0000000246       147.    -7.8140     0.0420    -4.3918    -4.0701    -3.8774    -3.4465    -3.0116    -2.5549    -2.2024    -1.7265    -1.2598    -0.4589    -0.2476    -0.3992
 0000000246       148.    -8.7510     0.0420    -4.0301    -3.6893    -3.5111    -3.1409    -2.7848    -2.4153    -2.1273    -1.7273    -1.3184    -0.5603    -0.2715    -0.4007
 0000000246       149.    -6.6440     0.0410    -3.6523    -3.4024    -3.2602    -2.9498    -2.6412    -2.3169    -2.0625    -1.7081    -1.3443    -0.6508    -0.3118    -0.4039
 0000000246       150.    -8.9570     0.0410    -3.7040    -3.3514    -3.1796    -2.8433    -2.5387    -2.2336    -2.0005    -1.6820    -1.3568    -0.7271    -0.3680    -0.4107
 0000000246       151.   -14.6090     0.0410    -4.5807    -3.9485    -3.6622    -3.1451    -2.7214    -2.3302    -2.0532    -1.7093    -1.3854    -0.7931    -0.4338    -0.4235
 0000000246       152.   -17.8040     0.0400    -5.6421    -4.8424    -4.4681    -3.7758    -3.1988    -2.6700    -2.3043    -1.8704    -1.4902    -0.8664    -0.5043    -0.4442
 0000000246       153.   -24.0900     0.0400    -8.7985    -7.3010    -6.6146    -5.3730    -4.3717    -3.4977    -2.9231    -2.2762    -1.7485    -0.9804    -0.5830    -0.4738
 0000000246       154.   -23.7900     0.0400   -10.1772    -8.7663    -8.0791    -6.7641    -5.6256    -4.5784    -3.8652    -3.0182    -2.2930    -1.2166    -0.6916    -0.5133
 0000000246       155.   -17.8150     0.0400    -9.6006    -8.6638    -8.1665    -7.1452    -6.1849    -5.2374    -4.5580    -3.6998    -2.9126    -1.6168    -0.8880    -0.5706
 0000000246       156.   -10.4500     0.0400    -7.7705    -7.3725    -7.1189    -6.5297    -5.9046    -5.2264    -4.7054    -4.0000    -3.3051    -2.0387    -1.1962    -0.6725
 0000000246       157.    -8.1040     0.0390    -6.4231    -6.1845    -6.0316    -5.6682    -5.2685    -4.8160    -4.4526    -3.9346    -3.3947    -2.3268    -1.5202    -0.8429
 0000000246       158.    -9.1050     0.0390    -6.0621    -5.7332    -5.5616    -5.2044    -4.8533    -4.4804    -4.1891    -3.7784    -3.3489    -2.4744    -1.7670    -1.0498
 0000000246       159.   -12.1950     0.0390    -6.5960    -6.0390    -5.7761    -5.2793    -4.8454    -4.4284    -4.1261    -3.7287    -3.3351    -2.5641    -1.9387    -1.2437
 0000000246       160.   -21.4490     0.0400    -8.9289    -7.7414    -7.2116    -6.2711    -5.5223    -4.8732    -4.4446    -3.9362    -3.4818    -2.6848    -2.0846    -1.4119
 0000000246       161.   -24.4640     0.0400   -10.9481    -9.5924    -8.9520    -7.7586    -6.7559    -5.8609    -5.2661    -4.5633    -3.9523    -2.9562    -2.2804    -1.5743
 0000000246       162.   -18.7450     0.0400   -10.7355    -9.8331    -9.3600    -8.3999    -7.5090    -6.6442    -6.0354    -5.2746    -4.5796    -3.3992    -2.5918    -1.7740
 0000000246       163.    -8.2000     0.0400    -8.3200    -8.1777    -8.0345    -7.6372    -7.1603    -6.6065    -6.1688    -5.5638    -4.9579    -3.8173    -2.9592    -2.0312
 0000000246       164.   -12.4070     0.0400    -8.0292    -7.5946    -7.3835    -6.9662    -6.5717    -6.1610    -5.8451    -5.4037    -4.9446    -4.0109    -3.2328    -2.2969
 0000000246       165.   -16.4780     0.0400    -9.0115    -8.2766    -7.9332    -7.2923    -6.7427    -6.2297    -5.8694    -5.4075    -4.9609    -4.1029    -3.3970    -2.5122
 0000000246       166.   -13.6750     0.0410    -8.3558    -7.9432    -7.7207    -7.2550    -6.8035    -6.3414    -5.9988    -5.5441    -5.0971    -4.2424    -3.5521    -2.6925
 0000000246       167.   -14.0150     0.0410    -8.1591    -7.7437    -7.5311    -7.1012    -6.6953    -6.2841    -5.9787    -5.5695    -5.1611    -4.3614    -3.6999    -2.8605
 0000000246       168.   -11.8050     0.0420    -7.7964    -7.4821    -7.3112    -6.9501    -6.5958    -6.2272    -5.9496    -5.5736    -5.1953    -4.4472    -3.8204    -3.0107
 0000000246       169.   -15.3690     0.0420    -8.0840    -7.6098    -7.3832    -6.9496    -6.5640    -6.1899    -5.9188    -5.5612    -5.2064    -4.5072    -3.9165    -3.1411
 0000000246       170.   -15.1370     0.0420    -8.3293    -7.8534    -7.6162    -7.1505    -6.7289    -6.3200    -6.0271    -5.6482    -5.2816    -4.5819    -4.0059    -3.2558
 0000000246       171.   -21.7050     0.0430    -9.4151    -8.6398    -8.2825    -7.6261    -7.0761    -6.5773    -6.2369    -5.8142    -5.4195    -4.6931    -4.1122    -3.3687
 0000000246       172.   -21.9970     0.0440   -10.2523    -9.4537    -9.0661    -8.3250    -7.6791    -7.0812    -6.6717    -6.1667    -5.7040    -4.8848    -4.2612    -3.4943
 0000000246       173.   -29.2050     0.0440   -11.7960   -10.6832   -10.1652    -9.2075    -8.4029    -7.6816    -7.1984    -6.6118    -6.0817    -5.1590    -4.4725    -3.6517
 0000000246       174.   -35.2950     0.0450   -13.8290   -12.4369   -11.7826   -10.5656    -9.5389    -8.6235    -8.0166    -7.2886    -6.6416    -5.5464    -4.7601    -3.8522
 0000000246       175.   -35.3910     0.0460   -15.1538   -13.7806   -13.1123   -11.8322   -10.7123    -9.6835    -8.9889    -8.1416    -7.3794    -6.0827    -5.1598    -4.1191
 0000000246       176.   -38.9020     0.0470   -16.5243   -15.0349   -14.3164   -12.9468   -11.7499   -10.6481    -9.9011    -8.9818    -8.1450    -6.6970    -5.6494    -4.4613
 0000000246       177.   -38.7700     0.0480   -17.5304   -16.0797   -15.3666   -13.9856   -12.7551   -11.6039   -10.8152    -9.8343    -8.9323    -7.3516    -6.1925    -4.8629
 0000000246       178.   -29.0750     0.0490   -16.7544   -15.7972   -15.2849   -14.2250   -13.2068   -12.1889   -11.4597   -10.5182    -9.6221    -7.9929    -6.7580    -5.3074
 0000000246       179.   -28.8050     0.0500   -16.2555   -15.3686   -14.9150   -14.0003   -13.1350   -12.2681   -11.6393   -10.8111   -10.0017    -8.4679    -7.2475    -5.7492
 0000000246       180.   -23.7750     0.0510   -15.4524   -14.8068   -14.4573   -13.7235   -12.9998   -12.2509   -11.6963   -10.9536   -10.2161    -8.7874    -7.6183    -6.1345
 0000000246       181.   -21.8530     0.0520   -14.6931   -14.1558   -13.8680   -13.2646   -12.6664   -12.0388   -11.5671   -10.9247   -10.2742    -8.9790    -7.8854    -6.4524
 0000000246       182.   -20.0450     0.0530   -14.0599   -13.6069   -13.3627   -12.8480   -12.3343   -11.7911   -11.3796   -10.8146   -10.2367    -9.0669    -8.0571    -6.6991
 0000000246       183.   -24.7020     0.0540   -14.4192   -13.7478   -13.4230   -12.7950   -12.2248   -11.6661   -11.2615   -10.7226   -10.1825    -9.1005    -8.1634    -6.8840
 0000000246       184.   -17.6290     0.0550   -13.6700   -13.3095   -13.0986   -12.6340   -12.1563   -11.6470   -11.2630   -10.7408   -10.2136    -9.1620    -8.2601    -7.0338
 0000000246       185.   -17.2740     0.0560   -12.9992   -12.6783   -12.5040   -12.1325   -11.7546   -11.3460   -11.0305   -10.5893   -10.1298    -9.1779    -8.3346    -7.1644
 0000000246       186.   -19.3670     0.0570   -13.0175   -12.5886   -12.3749   -11.9501   -11.5505   -11.1447   -10.8426   -10.4304   -10.0074    -9.1352    -8.3563    -7.2577
 0000000246       187.   -20.4350     0.0580   -13.2261   -12.7339   -12.4895   -12.0081   -11.5643   -11.1261   -10.8081   -10.3852    -9.9620    -9.1128    -8.3687    -7.3248
 0000000246       188.   -21.9590     0.0600   -13.5635   -12.9970   -12.7190   -12.1779   -11.6873   -11.2121   -10.8731   -10.4295    -9.9935    -9.1381    -8.4046    -7.3899
 0000000246       189.   -18.5770     0.0610   -12.9414   -12.5995   -12.4121   -12.0143   -11.6175   -11.2017   -10.8901   -10.4681   -10.0428    -9.1951    -8.4664    -7.4655
 0000000246       190.   -19.0780     0.0620   -12.6461   -12.3045   -12.1272   -11.7635   -11.4100   -11.0426   -10.7662   -10.3877   -10.0001    -9.2088    -8.5122    -7.5401
 0000000246       191.   -26.6780     0.0620   -13.3644   -12.7566   -12.4733   -11.9439   -11.4847   -11.0539   -10.7512   -10.3574    -9.9697    -9.2015    -8.5331    -7.5975
 0000000246       192.   -32.2670     0.0630   -14.6044   -13.7672   -13.3735   -12.6382   -12.0093   -11.4378   -11.0509   -10.5689   -10.1173    -9.2777    -8.5883    -7.6566
 0000000246       193.   -36.2950     0.0640   -15.8675   -14.8761   -14.4037   -13.5130   -12.7441   -12.0439   -11.5720   -10.9899   -10.4537    -9.4895    -8.7333    -7.7563
 0000000246       194.   -36.5470     0.0650   -16.7455   -15.7437   -15.2545   -14.3127   -13.4790   -12.7035   -12.1741   -11.5151   -10.9053    -9.8136    -8.9725    -7.9171
 0000000246       195.   -38.6640     0.0650   -17.5516   -16.4978   -15.9846   -14.9972   -14.1206   -13.3009   -12.7383   -12.0331   -11.3758   -10.1898    -9.2738    -8.1341
 0000000246       196.   -37.6300     0.0660   -18.0774   -17.0681   -16.5674   -15.5890   -14.7042   -13.8634   -13.2801   -12.5422   -11.8486   -10.5871    -9.6077    -8.3899
 0000000246       197.   -35.7350     0.0660   -18.2413   -17.3214   -16.8586   -15.9428   -15.0998   -14.2839   -13.7096   -12.9731   -12.2713   -10.9736    -9.9512    -8.6693
 0000000246       198.   -35.4890     0.0660   -18.3834   -17.4972   -17.0532   -16.1758   -15.3671   -14.5807   -14.0240   -13.3043   -12.6120   -11.3135   -10.2737    -8.9520
 0000000246       199.   -42.2280     0.0670   -19.3310   -18.2286   -17.6991   -16.6883   -15.7935   -14.9538   -14.3728   -13.6336   -12.9304   -11.6199   -10.5691    -9.2236
 0000000246       200.   -44.5850     0.0670   -20.4284   -19.2256   -18.6403   -17.5147   -16.5139   -15.5779   -14.9354   -14.1264   -13.3669   -11.9774   -10.8829    -9.4960
 0000000246       201.   -41.1700     0.0670   -20.7830   -19.7057   -19.1639   -18.0936   -17.1111   -16.1664   -15.5065   -14.6648   -13.8673   -12.4006   -11.2472    -9.7959
 0000000246       202.   -40.6970     0.0670   -20.9377   -19.9145   -19.4017   -18.3887   -17.4542   -16.5471   -15.9068   -15.0807   -14.2878   -12.8048   -11.6206   -10.1173
 0000000246       203.   -34.5700     0.0670   -20.4902   -19.6923   -19.2736   -18.4164   -17.5931   -16.7651   -16.1670   -15.3809   -14.6135   -13.1511   -11.9626   -10.4333
 0000000246       204.   -26.8530     0.0670   -19.3082   -18.8141   -18.5340   -17.9258   -17.3014   -16.6340   -16.1311   -15.4463   -14.7552   -13.3880   -12.2383   -10.7208
 0000000246       205.   -29.7570     0.0680   -18.8650   -18.3108   -18.0280   -17.4540   -16.8979   -16.3216   -15.8902   -15.2998   -14.6961   -13.4693   -12.4020   -10.9465
 0000000246       206.   -22.3610     0.0680   -17.9771   -17.6531   -17.4610   -17.0314   -16.5768   -16.0779   -15.6940   -15.1605   -14.6094   -13.4789   -12.4835   -11.1030
 0000000246       207.    -2.5260     0.0680   -15.0272   -15.4120   -15.5238   -15.6112   -15.5421   -15.3361   -15.1190   -14.7592   -14.3397   -13.3887   -12.4938   -11.2044
 0000000246       208.   -13.7380     0.0690   -14.0443   -14.1292   -14.1714   -14.2371   -14.2544   -14.2051   -14.1224   -13.9472   -13.7030   -13.0432   -12.3319   -11.2093
 0000000246       209.   -10.0350     0.0690   -13.4955   -13.6155   -13.6540   -13.6910   -13.6754   -13.6056   -13.5219   -13.3669   -13.1651   -12.6350   -12.0553   -11.1015
 0000000246       210.   -19.1520     0.0700   -13.8278   -13.6370   -13.5581   -13.4210   -13.3034   -13.1814   -13.0820   -12.9279   -12.7444   -12.2836   -11.7835   -10.9498
 0000000246       211.   -30.2320     0.0710   -15.4290   -14.7979   -14.5206   -14.0336   -13.6470   -13.3183   -13.1034   -12.8370   -12.5809   -12.0616   -11.5715   -10.7997
 0000000246       212.   -37.8220     0.0720   -17.3484   -16.4036   -15.9694   -15.1782   -14.5262   -13.9630   -13.5991   -13.1647   -12.7744   -12.0767   -11.5091   -10.7115
 0000000246       213.   -31.5690     0.0730   -17.8661   -17.1132   -16.7328   -15.9832   -15.3049   -14.6672   -14.2320   -13.6915   -13.1943   -12.3090   -11.6224   -10.7303
 0000000246       214.   -34.7730     0.0750   -18.3310   -17.5217   -17.1287   -16.3725   -15.6979   -15.0629   -14.6241   -14.0689   -13.5453   -12.5835   -11.8218   -10.8398
 0000000246       215.   -27.4830     0.0770   -18.0360   -17.4714   -17.1707   -16.5509   -15.9557   -15.3605   -14.9337   -14.3788   -13.8437   -12.8398   -12.0328   -10.9885
 0000000246       216.   -30.6760     0.0790   -18.0589   -17.4336   -17.1248   -16.5189   -15.9606   -15.4130   -15.0207   -14.5057   -14.0006   -13.0252   -12.2159   -11.1449
 0000000246       217.   -34.8780     0.0810   -18.4139   -17.7556   -17.4271   -16.7795   -16.1838   -15.6057   -15.1968   -14.6667   -14.1534   -13.1734   -12.3630   -11.2847
 0000000246       218.   -29.2010     0.0830   -18.1772   -17.6566   -17.3825   -16.8206   -16.2807   -15.7370   -15.3431   -14.8237   -14.3137   -13.3295   -12.5111   -11.4205
 0000000246       219.   -29.1650     0.0860   -17.8804   -17.4024   -17.1567   -16.6580   -16.1801   -15.6945   -15.3381   -14.8606   -14.3832   -13.4394   -12.6364   -11.5493
 0000000246       220.   -32.7160     0.0880   -18.0859   -17.5176   -17.2381   -16.6914   -16.1891   -15.6969   -15.3436   -14.8769   -14.4146   -13.5032   -12.7235   -11.6559
 0000000246       221.   -34.4290     0.0910   -18.4877   -17.8533   -17.5411   -16.9326   -16.3795   -15.8464   -15.4699   -14.9807   -14.5041   -13.5826   -12.8058   -11.7484
 0000000246       222.   -32.7280     0.0940   -18.6297   -18.0317   -17.7299   -17.1302   -16.5737   -16.0291   -15.6416   -15.1367   -14.6452   -13.7000   -12.9108   -11.8466
 0000000246       223.   -26.7800     0.0970   -18.1837   -17.7550   -17.5238   -17.0401   -16.5646   -16.0751   -15.7151   -15.2340   -14.7556   -13.8177   -13.0256   -11.9543
 0000000246       224.   -38.5150     0.1010   -18.5001   -17.9201   -17.6328   -17.0715   -16.5597   -16.0636   -15.7102   -15.2459   -14.7875   -13.8850   -13.1128   -12.0542
 0000000246       225.   -38.5430     0.1040   -18.5649   -18.0147   -17.7379   -17.1881   -16.6765   -16.1726   -15.8116   -15.3372   -14.8709   -13.9622   -13.1924   -12.1419
 0000000246       226.   -39.0350     0.1080   -18.6579   -18.1041   -17.8263   -17.2757   -16.7641   -16.2606   -15.8997   -15.4254   -14.9590   -14.0497   -13.2799   -12.2310
 0000000246       227.   -36.1040     0.1110   -18.6417   -18.1254   -17.8619   -17.3329   -16.8347   -16.3391   -15.9819   -15.5106   -15.0458   -14.1380   -13.3690   -12.3212
 0000000246       228.   -34.7230     0.1150   -18.4891   -18.0178   -17.7760   -17.2872   -16.8219   -16.3535   -16.0123   -15.5580   -15.1060   -14.2142   -13.4526   -12.4098
 0000000246       229.   -29.8080     0.1190   -18.1816   -17.7913   -17.5845   -17.1565   -16.7382   -16.3073   -15.9887   -15.5593   -15.1273   -14.2644   -13.5191   -12.4900
 0000000246       230.   -30.4950     0.1230   -17.8612   -17.5045   -17.3188   -16.9371   -16.5644   -16.1776   -15.8886   -15.4946   -15.0930   -14.2766   -13.5591   -12.5548
 0000000246       231.   -27.7700     0.1270   -17.6107   -17.2873   -17.1164   -16.7623   -16.4142   -16.0517   -15.7804   -15.4099   -15.0312   -14.2570   -13.5704   -12.5987
 0000000246       232.   -23.9140     0.1300   -17.1862   -16.9370   -16.7996   -16.5057   -16.2064   -15.8851   -15.6399   -15.2998   -14.9475   -14.2174   -13.5618   -12.6245
 0000000246       233.   -28.9780     0.1340   -16.9896   -16.7044   -16.5598   -16.2670   -15.9830   -15.6864   -15.4620   -15.1509   -14.8271   -14.1480   -13.5291   -12.6320
 0000000246       234.   -25.3940     0.1380   -16.9120   -16.6327   -16.4860   -16.1838   -15.8895   -15.5855   -15.3588   -15.0493   -14.7320   -14.0763   -13.4834   -12.6227
 0000000246       235.   -24.2830     0.1420   -16.6309   -16.3927   -16.2657   -15.9999   -15.7352   -15.4553   -15.2432   -14.9499   -14.6464   -14.0146   -13.4414   -12.6084
 0000000246       236.   -22.2710     0.1460   -16.3301   -16.1286   -16.0188   -15.7853   -15.5484   -15.2938   -15.0985   -14.8259   -14.5411   -13.9417   -13.3926   -12.5889
 0000000246       237.   -20.4640     0.1490   -15.9795   -15.8181   -15.7278   -15.5314   -15.3270   -15.1019   -14.9264   -14.6779   -14.4148   -13.8530   -13.3315   -12.5603
 0000000246       238.   -10.4620     0.1530   -15.3944   -15.3389   -15.2941   -15.1760   -15.0317   -14.8550   -14.7091   -14.4942   -14.2595   -13.7438   -13.2545   -12.5200
 0000000246       239.   -10.6610     0.1570   -14.6613   -14.6917   -14.6915   -14.6613   -14.5950   -14.4888   -14.3885   -14.2270   -14.0377   -13.5930   -13.1494   -12.4625
 0000000246       240.   -13.3960     0.1600   -14.2077   -14.2317   -14.2348   -14.2217   -14.1820   -14.1106   -14.0387   -13.9167   -13.7669   -13.3950   -13.0054   -12.3783
 0000000246       241.   -24.0970     0.1640   -14.1683   -14.0948   -14.0603   -13.9912   -13.9199   -13.8355   -13.7632   -13.6497   -13.5158   -13.1878   -12.8409   -12.2705
 0000000246       242.   -28.2410     0.1670   -14.5269   -14.3267   -14.2335   -14.0589   -13.9058   -13.7590   -13.6528   -13.5080   -13.3564   -13.0225   -12.6908   -12.1568
 0000000246       243.   -36.3340     0.1700   -15.0041   -14.6931   -14.5482   -14.2786   -14.0469   -13.8334   -13.6859   -13.4958   -13.3093   -12.9330   -12.5882   -12.0611
 0000000246       244.   -36.2010     0.1730   -15.5476   -15.1579   -14.9714   -14.6181   -14.3107   -14.0277   -13.8347   -13.5917   -13.3609   -12.9210   -12.5437   -11.9988
 0000000246       245.   -24.9630     0.1760   -15.6600   -15.3342   -15.1666   -14.8310   -14.5198   -14.2177   -14.0050   -13.7315   -13.4689   -12.9706   -12.5542   -11.9758
 0000000246       246.   -28.8530     0.1790   -15.4319   -15.1733   -15.0399   -14.7683   -14.5077   -14.2428   -14.0486   -13.7893   -13.5310   -13.0221   -12.5866   -11.9819
 0000000246       247.   -39.2320     0.1810   -15.6429   -15.2975   -15.1319   -14.8142   -14.5289   -14.2536   -14.0575   -13.7999   -13.5452   -13.0414   -12.6053   -11.9933
 0000000246       248.   -39.9510     0.1830   -16.1667   -15.7250   -15.5124   -15.1068   -14.7494   -14.4156   -14.1853   -13.8921   -13.6115   -13.0768   -12.6271   -12.0053
 0000000246       249.   -35.0690     0.1850   -16.4393   -16.0091   -15.7948   -15.3750   -14.9942   -14.6305   -14.3768   -14.0525   -13.7430   -13.1604   -12.6811   -12.0336
 0000000246       250.   -34.3770     0.1870   -16.4491   -16.0626   -15.8674   -15.4790   -15.1184   -14.7648   -14.5131   -14.1855   -13.8677   -13.2607   -12.7580   -12.0825
 0000000246       251.   -29.3520     0.1880   -16.3621   -16.0244   -15.8501   -15.4971   -15.1624   -14.8278   -14.5859   -14.2668   -13.9530   -13.3439   -12.8324   -12.1399
 0000000246       252.   -21.5690     0.1900   -16.0094   -15.7715   -15.6408   -15.3633   -15.0858   -14.7950   -14.5779   -14.2839   -13.9877   -13.3974   -12.8904   -12.1939
 0000000246       253.   -28.6080     0.1910   -15.6741   -15.4630   -15.3526   -15.1233   -14.8951   -14.6525   -14.4678   -14.2118   -13.9470   -13.4012   -12.9164   -12.2334
 0000000246       254.   -26.2160     0.1910   -15.6595   -15.4187   -15.2952   -15.0455   -14.8066   -14.5628   -14.3820   -14.1362   -13.8853   -13.3702   -12.9096   -12.2505
 0000000246       255.   -24.6410     0.1920   -15.5333   -15.3146   -15.2002   -14.9651   -14.7366   -14.5007   -14.3248   -14.0855   -13.8412   -13.3411   -12.8945   -12.2539
 0000000246       256.   -22.7050     0.1920   -15.3444   -15.1544   -15.0533   -14.8425   -14.6340   -14.4151   -14.2501   -14.0234   -13.7902   -13.3086   -12.8756   -12.2512
 0000000246       257.   -21.8730     0.1930   -15.1306   -14.9652   -14.8764   -14.6898   -14.5028   -14.3037   -14.1520   -13.9412   -13.7221   -13.2642   -12.8477   -12.2416
 0000000246       258.   -25.3240     0.1930   -15.0205   -14.8413   -14.7495   -14.5626   -14.3808   -14.1911   -14.0476   -13.8488   -13.6421   -13.2076   -12.8090   -12.2236
 0000000246       259.   -31.3520     0.1930   -15.1716   -14.9226   -14.8020   -14.5681   -14.3548   -14.1448   -13.9924   -13.7877   -13.5802   -13.1534   -12.7664   -12.1989
 0000000246       260.   -32.9030     0.1930   -15.4899   -15.1731   -15.0195   -14.7243   -14.4603   -14.2088   -14.0318   -13.8016   -13.5758   -13.1297   -12.7387   -12.1767
 0000000246       261.   -34.7150     0.1920   -15.7724   -15.4194   -15.2471   -14.9142   -14.6156   -14.3313   -14.1323   -13.8758   -13.6277   -13.1487   -12.7407   -12.1691
 0000000246       262.   -32.0500     0.1920   -15.9631   -15.6092   -15.4329   -15.0868   -14.7713   -14.4673   -14.2533   -13.9770   -13.7101   -13.1991   -12.7703   -12.1807
 0000000246       263.   -29.9900     0.1910   -15.9667   -15.6468   -15.4843   -15.1597   -14.8567   -14.5579   -14.3439   -14.0639   -13.7902   -13.2613   -12.8164   -12.2085
 0000000246       264.   -31.9650     0.1900   -15.9558   -15.6443   -15.4876   -15.1758   -14.8849   -14.5965   -14.3885   -14.1141   -13.8432   -13.3130   -12.8624   -12.2435
 0000000246       265.   -40.9800     0.1890   -16.2152   -15.8294   -15.6436   -15.2868   -14.9670   -14.6608   -14.4447   -14.1636   -13.8891   -13.3553   -12.9020   -12.2782
 0000000246       266.   -41.4480     0.1880   -16.7169   -16.2496   -16.0236   -15.5907   -15.2076   -14.8489   -14.6013   -14.2867   -13.9868   -13.4205   -12.9516   -12.3159
 0000000246       267.   -39.9880     0.1870   -17.0444   -16.5698   -16.3359   -15.8809   -15.4711   -15.0822   -14.8119   -14.4679   -14.1407   -13.5291   -13.0314   -12.3695
 0000000246       268.   -37.6410     0.1850   -17.1832   -16.7359   -16.5118   -16.0699   -15.6643   -15.2723   -14.9963   -14.6409   -14.2997   -13.6573   -13.1338   -12.4422
 0000000246       269.   -35.2230     0.1840   -17.1824   -16.7753   -16.5688   -16.1567   -15.7724   -15.3943   -15.1245   -14.7727   -14.4308   -13.7779   -13.2397   -12.5256
 0000000246       270.   -36.5330     0.1830   -17.1643   -16.7745   -16.5780   -16.1866   -15.8211   -15.4597   -15.2000   -14.8587   -14.5238   -13.8758   -13.3344   -12.6087
 0000000246       271.   -33.3950     0.1820   -17.1686   -16.7953   -16.6055   -16.2253   -15.8687   -15.5151   -15.2605   -14.9253   -14.5955   -13.9541   -13.4143   -12.6850
 0000000246       272.   -30.0950     0.1810   -17.0242   -16.7003   -16.5323   -16.1901   -15.8624   -15.5311   -15.2893   -14.9673   -14.6473   -14.0178   -13.4827   -12.7539
 0000000246       273.   -33.3100     0.1800   -16.9009   -16.5887   -16.4298   -16.1098   -15.8053   -15.4970   -15.2709   -14.9676   -14.6634   -14.0569   -13.5339   -12.8129
 0000000246       274.   -29.7620     0.1790   -16.8764   -16.5680   -16.4098   -16.0908   -15.7881   -15.4837   -15.2617   -14.9653   -14.6690   -14.0789   -13.5683   -12.8593
 0000000246       275.   -27.8950     0.1790   -16.7106   -16.4416   -16.3012   -16.0134   -15.7350   -15.4498   -15.2392   -14.9552   -14.6691   -14.0948   -13.5948   -12.8970
 0000000246       276.   -27.3600     0.1790   -16.5312   -16.2870   -16.1595   -15.8976   -15.6426   -15.3791   -15.1830   -14.9163   -14.6451   -14.0945   -13.6095   -12.9262
 0000000246       277.   -21.9660     0.1800   -16.2924   -16.0936   -15.9857   -15.7577   -15.5296   -15.2888   -15.1072   -14.8579   -14.6020   -14.0771   -13.6097   -12.9447
 0000000246       278.   -12.7970     0.1800   -15.7670   -15.6786   -15.6188   -15.4744   -15.3105   -15.1206   -14.9692   -14.7527   -14.5231   -14.0368   -13.5930   -12.9511
 0000000246       279.   -12.5960     0.1820   -15.0987   -15.0977   -15.0832   -15.0278   -14.9427   -14.8233   -14.7174   -14.5534   -14.3678   -13.9476   -13.5435   -12.9385
 0000000246       280.    -6.7600     0.1830   -14.5241   -14.5795   -14.5926   -14.5914   -14.5566   -14.4867   -14.4157   -14.2964   -14.1524   -13.8043   -13.4501   -12.8963
 0000000246       281.   -11.1420     0.1850   -14.0049   -14.0809   -14.1096   -14.1464   -14.1524   -14.1258   -14.0864   -14.0081   -13.9029   -13.6243   -13.3212   -12.8242
 0000000246       282.   -10.4800     0.1880   -13.7526   -13.8029   -13.8217   -13.8456   -13.8485   -13.8282   -13.7984   -13.7382   -13.6553   -13.4271   -13.1683   -12.7271
 0000000246       283.    -8.3100     0.1910   -13.4669   -13.5296   -13.5532   -13.5850   -13.5945   -13.5815   -13.5581   -13.5081   -13.4377   -13.2404   -13.0126   -12.6165
 0000000246       284.   -10.9430     0.1940   -13.1982   -13.2587   -13.2838   -13.3223   -13.3411   -13.3395   -13.3251   -13.2879   -13.2310   -13.0620   -12.8602   -12.5014
 0000000246       285.    -9.7900     0.1980   -13.0364   -13.0830   -13.1017   -13.1293   -13.1414   -13.1373   -13.1236   -13.0904   -13.0403   -12.8911   -12.7106   -12.3841
 0000000246       286.   -13.6970     0.2020   -12.9057   -12.9340   -12.9459   -12.9633   -12.9696   -12.9630   -12.9491   -12.9177   -12.8713   -12.7345   -12.5691   -12.2682
 0000000246       287.   -18.4390     0.2060   -12.9246   -12.9063   -12.8981   -12.8818   -12.8637   -12.8398   -12.8172   -12.7785   -12.7289   -12.5949   -12.4386   -12.1567
 0000000246       288.   -22.1630     0.2110   -13.0760   -12.9996   -12.9648   -12.9005   -12.8445   -12.7901   -12.7498   -12.6928   -12.6304   -12.4836   -12.3265   -12.0542
 0000000246       289.   -25.2350     0.2170   -13.2974   -13.1676   -13.1072   -12.9949   -12.8984   -12.8089   -12.7464   -12.6647   -12.5825   -12.4094   -12.2412   -11.9669
 0000000246       290.   -24.9380     0.2220   -13.5226   -13.3570   -13.2778   -13.1278   -12.9969   -12.8752   -12.7911   -12.6836   -12.5793   -12.3726   -12.1858   -11.8995
 0000000246       291.   -19.4320     0.2280   -13.6209   -13.4630   -13.3837   -13.2273   -13.0845   -12.9470   -12.8499   -12.7245   -12.6026   -12.3649   -12.1575   -11.8530
 0000000246       292.   -16.7820     0.2350   -13.5124   -13.3993   -13.3386   -13.2122   -13.0889   -12.9621   -12.8685   -12.7430   -12.6172   -12.3654   -12.1440   -11.8232
 0000000246       293.   -17.9880     0.2410   -13.3503   -13.2651   -13.2186   -13.1196   -13.0193   -12.9117   -12.8294   -12.7152   -12.5968   -12.3506   -12.1273   -11.7997
 0000000246       294.   -20.2880     0.2490   -13.2763   -13.1852   -13.1380   -13.0411   -12.9460   -12.8458   -12.7695   -12.6632   -12.5520   -12.3168   -12.0988   -11.7734
 0000000246       295.   -20.7690     0.2560   -13.2728   -13.1692   -13.1164   -13.0097   -12.9078   -12.8035   -12.7256   -12.6188   -12.5086   -12.2774   -12.0635   -11.7427
 0000000246       296.   -14.7050     0.2630   -13.2287   -13.1327   -13.0822   -12.9779   -12.8764   -12.7713   -12.6925   -12.5847   -12.4737   -12.2422   -12.0292   -11.7110
 0000000246       297.    -2.8640     0.2710   -13.0295   -12.9819   -12.9511   -12.8789   -12.7996   -12.7099   -12.6392   -12.5388   -12.4326   -12.2064   -11.9959   -11.6802
 0000000246       298.    -7.9740     0.2790   -12.6351   -12.6587   -12.6611   -12.6490   -12.6177   -12.5667   -12.5189   -12.4428   -12.3549   -12.1524   -11.9535   -11.6467
 0000000246       299.    -9.1610     0.2860   -12.3326   -12.3715   -12.3848   -12.3988   -12.3951   -12.3730   -12.3459   -12.2956   -12.2308   -12.0650   -11.8886   -11.6020
 0000000246       300.    -8.9520     0.2940   -12.1437   -12.1782   -12.1911   -12.2076   -12.2104   -12.1985   -12.1806   -12.1441   -12.0941   -11.9575   -11.8038   -11.5423
 0000000246       301.    -9.2510     0.3010   -11.9946   -12.0259   -12.0379   -12.0541   -12.0585   -12.0504   -12.0366   -12.0070   -11.9653   -11.8477   -11.7113   -11.4724
 0000000246       302.    -5.3370     0.3080   -11.8633   -11.8932   -11.9048   -11.9207   -11.9259   -11.9200   -11.9084   -11.8831   -11.8465   -11.7418   -11.6182   -11.3979
 0000000246       303.    -5.4220     0.3140   -11.7067   -11.7464   -11.7621   -11.7852   -11.7961   -11.7951   -11.7870   -11.7663   -11.7346   -11.6405   -11.5272   -11.3222
 0000000246       304.   -10.9010     0.3210   -11.5465   -11.5916   -11.6107   -11.6410   -11.6589   -11.6651   -11.6620   -11.6477   -11.6223   -11.5401   -11.4369   -11.2460
 0000000246       305.    -7.2270     0.3260   -11.4521   -11.4857   -11.5004   -11.5248   -11.5401   -11.5463   -11.5445   -11.5334   -11.5120   -11.4399   -11.3462   -11.1690
 0000000246       306.   -10.9780     0.3310   -11.3703   -11.3994   -11.4118   -11.4318   -11.4436   -11.4473   -11.4446   -11.4332   -11.4128   -11.3454   -11.2582   -11.0922
 0000000246       307.   -12.3030     0.3350   -11.3140   -11.3322   -11.3402   -11.3529   -11.3598   -11.3601   -11.3558   -11.3434   -11.3229   -11.2580   -11.1751   -11.0175
 0000000246       308.   -12.3650     0.3380   -11.2945   -11.2985   -11.3000   -11.3010   -11.2989   -11.2922   -11.2839   -11.2676   -11.2448   -11.1787   -11.0978   -10.9462
 0000000246       309.    -9.6890     0.3410   -11.2777   -11.2739   -11.2711   -11.2637   -11.2538   -11.2403   -11.2276   -11.2064   -11.1798   -11.1095   -11.0280   -10.8794
 0000000246       310.    -9.6830     0.3430   -11.2251   -11.2250   -11.2232   -11.2163   -11.2055   -11.1900   -11.1755   -11.1517   -11.1227   -11.0486   -10.9656   -10.8179
 0000000246       311.    -8.8400     0.3430   -11.1485   -11.1541   -11.1547   -11.1520   -11.1442   -11.1307   -11.1171   -11.0939   -11.0651   -10.9906   -10.9075   -10.7608
 0000000246       312.    -6.0480     0.3430   -11.0574   -11.0702   -11.0741   -11.0770   -11.0736   -11.0635   -11.0520   -11.0311   -11.0039   -10.9319   -10.8504   -10.7061
 0000000246       313.    -5.9480     0.3420   -10.9353   -10.9612   -10.9709   -10.9842   -10.9888   -10.9853   -10.9778   -10.9612   -10.9375   -10.8707   -10.7924   -10.6521
 0000000246       314.    -5.5890     0.3400   -10.8017   -10.8380   -10.8530   -10.8763   -10.8897   -10.8942   -10.8919   -10.8814   -10.8630   -10.8045   -10.7317   -10.5973
 0000000246       315.    -5.5570     0.3370   -10.6745   -10.7173   -10.7357   -10.7661   -10.7862   -10.7973   -10.7996   -10.7950   -10.7821   -10.7330   -10.6671   -10.5404
 0000000246       316.    -6.6770     0.3330   -10.5599   -10.6055   -10.6256   -10.6601   -10.6845   -10.7002   -10.7062   -10.7064   -10.6982   -10.6581   -10.5992   -10.4812
 0000000246       317.    -6.8440     0.3290   -10.4689   -10.5120   -10.5315   -10.5658   -10.5911   -10.6087   -10.6165   -10.6197   -10.6148   -10.5820   -10.5295   -10.4202
 0000000246       318.    -5.1560     0.3230   -10.3923   -10.4331   -10.4517   -10.4843   -10.5087   -10.5262   -10.5344   -10.5388   -10.5357   -10.5076   -10.4601   -10.3583
 0000000246       319.    -8.5310     0.3160   -10.3095   -10.3515   -10.3705   -10.4041   -10.4295   -10.4479   -10.4568   -10.4623   -10.4606   -10.4361   -10.3924   -10.2969
 0000000246       320.    -7.0850     0.3090   -10.2536   -10.2886   -10.3050   -10.3345   -10.3575   -10.3747   -10.3834   -10.3892   -10.3884   -10.3667   -10.3264   -10.2364
 0000000246       321.    -4.5740     0.3000   -10.2011   -10.2344   -10.2495   -10.2763   -10.2967   -10.3117   -10.3191   -10.3237   -10.3223   -10.3012   -10.2629   -10.1772
 0000000246       322.    -3.1140     0.2910   -10.0900   -10.1394   -10.1608   -10.1974   -10.2241   -10.2432   -10.2525   -10.2588   -10.2585   -10.2391   -10.2024   -10.1200
 0000000246       323.    -2.2770     0.2810    -9.9275    -9.9967   -10.0274   -10.0808   -10.1209   -10.1510   -10.1670   -10.1804   -10.1856   -10.1737   -10.1414   -10.0638
 0000000246       324.    -1.8710     0.2710    -9.7603    -9.8431    -9.8807    -9.9477    -9.9999   -10.0412   -10.0646   -10.0869   -10.0998   -10.0999   -10.0753   -10.0058
 0000000246       325.    -3.4740     0.2600    -9.6123    -9.7004    -9.7413    -9.8159    -9.8760    -9.9255    -9.9550    -9.9852   -10.0054   -10.0185   -10.0032    -9.9441
 0000000246       326.    -3.6560     0.2480    -9.5102    -9.5932    -9.6325    -9.7057    -9.7664    -9.8183    -9.8503    -9.8848    -9.9098    -9.9333    -9.9268    -9.8787
 0000000246       327.    -3.0940     0.2360    -9.4011    -9.4884    -9.5294    -9.6050    -9.6676    -9.7213    -9.7548    -9.7916    -9.8194    -9.8496    -9.8498    -9.8112
 0000000246       328.    -3.3440     0.2240    -9.2825    -9.3741    -9.4174    -9.4977    -9.5645    -9.6222    -9.6586    -9.6990    -9.7303    -9.7673    -9.7734    -9.7433
 0000000246       329.    -2.6680     0.2110    -9.1758    -9.2690    -9.3131    -9.3954    -9.4644    -9.5248    -9.5633    -9.6067    -9.6413    -9.6849    -9.6969    -9.6751
 0000000246       330.    -0.7950     0.1970    -9.0344    -9.1438    -9.1940    -9.2857    -9.3612    -9.4265    -9.4681    -9.5151    -9.5530    -9.6031    -9.6206    -9.6066
 0000000246       331.     2.4530     0.1840    -8.7132    -8.8806    -8.9561    -9.0909    -9.1981    -9.2876    -9.3429    -9.4040    -9.4523    -9.5164    -9.5423    -9.5374
 0000000246       332.     3.9330     0.1210    -8.2131    -8.4738    -8.5889    -8.7912    -8.9491    -9.0790    -9.1587    -9.2462    -9.3154    -9.4093    -9.4522    -9.4632
 0000000246       333.     2.3200     0.0500    -6.9479    -7.5061    -7.7443    -8.1493    -8.4526    -8.6923    -8.8347    -8.9864    -9.1033    -9.2601    -9.3365    -9.3763
 0000000246       334.     4.1650     0.0000     3.6949    -2.8404    -3.9609    -5.6382    -6.7301    -7.5005    -7.9194    -8.3286    -8.6191    -8.9788    -9.1481    -9.2569
 0000000246       335.     4.0080     0.0000     3.9246    -0.4036    -1.2464    -2.7745    -4.0318    -5.1536    -5.8790    -6.6882    -7.3343    -8.2277    -8.6883    -9.0208
 0000000246       336.     0.7360     0.0000     0.7284    -0.2372    -0.8518    -2.0395    -3.0705    -4.0473    -4.7207    -5.5249    -6.2231    -7.3213    -7.9957    -8.5913
 0000000246       337.     2.5500     0.0000     2.5005    -0.1807    -0.7336    -1.7564    -2.6393    -3.4879    -4.0870    -4.8236    -5.4881    -6.6032    -7.3555    -8.1042
 0000000246       338.     1.1980     0.0000     1.1788    -0.0804    -0.5661    -1.4922    -2.2983    -3.0789    -3.6358    -4.3268    -4.9592    -6.0511    -6.8236    -7.6467
 0000000246       339.    -0.6510     0.0000    -0.6109    -0.2340    -0.6181    -1.4020    -2.1090    -2.8067    -3.3138    -3.9541    -4.5503    -5.6052    -6.3767    -7.2358
 0000000246       340.    -0.8800     0.0000    -0.8820    -1.0801    -1.2445    -1.6991    -2.2029    -2.7456    -3.1647    -3.7230    -4.2634    -5.2550    -6.0061    -6.8739
 0000000246       341.     1.3180     0.0000     1.2555    -0.6093    -0.9810    -1.6489    -2.2104    -2.7509    -3.1424    -3.6432    -4.1231    -5.0186    -5.7211    -6.5662
 0000000246       342.     2.5510     0.0000     2.4922    -0.2671    -0.6607    -1.3675    -1.9620    -2.5335    -2.9439    -3.4574    -3.9378    -4.8122    -5.4891    -6.3097
 0000000246       343.     6.4730     0.0000     6.3905     1.2942    -0.2165    -1.0312    -1.6684    -2.2722    -2.7014    -3.2299    -3.7177    -4.5937    -5.2652    -6.0776
 0000000246       344.     3.5800     0.0000     3.5537     1.3907     0.2403    -0.7036    -1.3491    -1.9710    -2.4178    -2.9661    -3.4689    -4.3621    -5.0395    -5.8553
 0000000246       345.     4.2150     0.0000     4.1790     1.8053     0.6249    -0.5362    -1.1536    -1.7541    -2.1909    -2.7324    -3.2332    -4.1299    -4.8130    -5.6370
 0000000246       346.     3.5830     0.0000     3.5569     1.6901     0.7299    -0.4150    -1.0090    -1.5877    -2.0116    -2.5394    -3.0306    -3.9171    -4.5982    -5.4259
 0000000246       347.     2.3240     0.0000     2.3100     1.1948     0.6003    -0.3345    -0.8982    -1.4523    -1.8619    -2.3749    -2.8546    -3.7257    -4.4001    -5.2262
 0000000246       348.     1.4860     0.0000     1.4768     0.7392     0.3395    -0.3127    -0.8394    -1.3607    -1.7499    -2.2419    -2.7057    -3.5556    -4.2194    -5.0395
 0000000246       349.     3.9920     0.0000     3.9572     1.9137     0.9573    -0.2858    -0.7923    -1.2910    -1.6637    -2.1358    -2.5827    -3.4074    -4.0571    -4.8670
 0000000246       350.     5.3410     0.0000     5.3019     2.8226     1.6365    -0.1713    -0.6955    -1.2001    -1.5725    -2.0364    -2.4724    -3.2759    -3.9112    -4.7084
 0000000246       351.     5.1570     0.0000     5.1260     2.9871     1.9063    -0.0416    -0.5781    -1.0874    -1.4630    -1.9267    -2.3592    -3.1513    -3.7760    -4.5616
 0000000246       352.     5.6660     0.0000     5.6321     3.3855     2.2674     0.0554    -0.4758    -0.9785    -1.3529    -1.8150    -2.2448    -3.0293    -3.6466    -4.4232
 0000000246       353.     7.6670     0.0000     7.6216     4.7989     3.4494     0.8537    -0.3669    -0.8729    -1.2494    -1.7097    -2.1358    -2.9118    -3.5222    -4.2911
 0000000246       354.    10.4410     0.0000    10.3836     6.8502     5.1799     2.0126    -0.2419    -0.7607    -1.1445    -1.6059    -2.0298    -2.7989    -3.4031    -4.1649
 0000000246       355.     6.0290     0.0000     6.0180     4.6695     3.8268     1.9482    -0.1225    -0.6475    -1.0371    -1.5009    -1.9243    -2.6890    -3.2883    -4.0439
 0000000246       356.     7.9700     0.0000     7.9305     5.5023     4.3522     2.1737    -0.0691    -0.5736    -0.9511    -1.4061    -1.8245    -2.5827    -3.1773    -3.9273
 0000000246       357.     4.8290     0.0000     4.8214     3.8717     3.2713     1.9137     0.0087    -0.4941    -0.8717    -1.3223    -1.7352    -2.4836    -3.0717    -3.8153
 0000000246       358.     7.1930     0.0000     7.1572     5.0394     4.0622     2.2433     0.0383    -0.4461    -0.8106    -1.2496    -1.6544    -2.3914    -2.9723    -3.7086
 0000000246       359.    11.0720     0.0000    11.0165     7.7674     6.2854     3.5740     0.4533    -0.3845    -0.7552    -1.1871    -1.5837    -2.3071    -2.8794    -3.6073
 0000000246       360.    11.9500     0.0000    11.9047     8.9394     7.4820     4.6534     1.1576    -0.3065    -0.6887    -1.1217    -1.5151    -2.2287    -2.7928    -3.5116
 0000000246       361.     6.9850     0.0000     6.9819     6.0818     5.4230     3.8051     1.3510    -0.2199    -0.6139    -1.0523    -1.4453    -2.1528    -2.7102    -3.4207
 0000000246       362.    11.3800     0.0000    11.3263     8.2690     6.9023     4.4418     1.6069    -0.1579    -0.5557    -0.9890    -1.3781    -2.0788    -2.6306    -3.3337
 0000000246       363.     7.9830     0.0000     7.9724     6.7777     6.0359     4.3533     1.9374    -0.0975    -0.4996    -0.9306    -1.3158    -2.0086    -2.5542    -3.2500
 0000000246       364.    11.0330     0.0000    10.9875     8.3052     7.0739     4.8045     2.1238    -0.0444    -0.4540    -0.8786    -1.2584    -1.9423    -2.4814    -3.1699
 0000000246       365.    11.7930     0.0000    11.7552     9.2853     8.0748     5.7329     2.8413     0.0625    -0.4065    -0.8304    -1.2056    -1.8802    -2.4126    -3.0933
